   0.0000000000000000        0.0000000000000000        0.0000000000000000     
   1.2500000186264515E-002   0.0000000000000000        0.0000000000000000     
   2.5000000372529030E-002   0.0000000000000000        1.5624593567774273E-004
   3.7500000558793545E-002   1.9530742250748574E-006   4.6676031969785769E-004
   5.0000000745058060E-002   7.7875783082389618E-006   9.2954156059306078E-004
   6.2500000931322575E-002   1.9406847988792829E-005   1.5425645806766150E-003
   7.5000001117587090E-002   3.8688905534575560E-005   2.3037814338098669E-003
   8.7500001303851604E-002   6.7486173886311624E-005   3.2111219229283344E-003
  0.10000000149011612        1.0762519852103387E-004   4.2624942172304527E-003
  0.11250000167638063        1.6090637703036596E-004   5.4557854689337333E-003
  0.12500000186264515        2.2910369640825686E-004   6.7888624295037274E-003
  0.13750000204890966        3.1396447804157759E-004   8.2595720652618564E-003
  0.15000000223517418        4.1720913039581598E-004   9.8657421722788251E-003
  0.16250000242143869        5.4053090938693902E-004   1.1605181990461001E-002
  0.17500000260770321        6.8559568642933514E-004   1.3475682816737829E-002
  0.18750000279396772        8.5404172414859953E-004   1.5475018617259046E-002
  0.20000000298023224        1.0474794597467845E-003   1.7600946638511104E-002
  0.21250000316649675        1.2674912960066050E-003   1.9851208017262978E-002
  0.22500000335276127        1.5156313999199679E-003   2.2223528389252178E-002
  0.23750000353902578        1.7934255089250748E-003   2.4715618496522530E-002
  0.25000000372529030        2.1023707447352493E-003   2.7325174793325996E-002
  0.26250000391155481        2.4439354347415348E-003   3.0049880050501538E-002
  0.27500000409781933        2.8195589409700304E-003   3.2887403958244736E-002
  0.28750000428408384        3.2306514965738460E-003   3.5835403727182635E-002
  0.30000000447034836        3.6785940498384930E-003   3.8891524687669037E-002
  0.31250000465661287        4.1647381156784671E-003   4.2053400887216152E-002
  0.32500000484287739        4.6904056346017253E-003   4.5318655685979363E-002
  0.33750000502914190        5.2568888391177244E-003   4.8684902350212549E-002
  0.35000000521540642        5.8654501275636510E-003   5.2149744643612189E-002
  0.36250000540167093        6.5173219453224501E-003   5.5710777416469286E-002
  0.37500000558793545        7.2137066734052572E-003   5.9365587192548828E-002
  0.38750000577419996        7.9557765243698196E-003   6.3111752753617426E-002
  0.40000000596046448        8.7446734455455168E-003   6.6946845721540388E-002
  0.41250000614672899        9.5815090295345937E-003   7.0868431137870516E-002
  0.42500000633299351        1.0467364431958249E-002   7.4874068040851324E-002
  0.43750000651925802        1.1403290296415272E-002   7.8961310039758689E-002
  0.45000000670552254        1.2390306686619947E-002   8.3127705886505282E-002
  0.46250000689178705        1.3429403025685006E-002   8.7370800044433233E-002
  0.47500000707805157        1.4521538042514501E-002   9.1688133254221121E-002
  0.48750000726431608        1.5667639725270511E-002   9.6077243096832451E-002
  0.50000000745058060        1.6868605281876697E-002  0.10053566455343321     
  0.51250000763684511        1.8125301107520839E-002  0.10506093056220733     
  0.52500000782310963        1.9438562759117553E-002  0.10965057257199951     
  0.53750000800937414        2.0809194936691557E-002  0.11430212109271554     
  0.55000000819563866        2.2237971471640930E-002  0.11901310624241165     
  0.56250000838190317        2.3725635321838995E-002  0.12378105829100454     
  0.57500000856816769        2.5272898573532571E-002  0.12860350820053507     
  0.58750000875443220        2.6880442449993529E-002  0.13347798816191941     
  0.60000000894069672        2.8548917326879735E-002  0.13840203212812219     
  0.61250000912696123        3.0278942754260650E-002  0.14337317634368688     
  0.62500000931322575        3.2071107485262068E-002  0.14838895987055997     
  0.63750000949949026        3.3925969511283668E-002  0.15344692511014607     
  0.65000000968575478        3.5844056103742208E-002  0.15854461832153161     
  0.66250000987201929        3.7825863862292593E-002  0.16367959013581662     
  0.67500001005828381        3.9871858769477998E-002  0.16884939606649391     
  0.68750001024454832        4.1982476251759826E-002  0.17405159701581649     
  0.70000001043081284        4.4158121246877166E-002  0.17928375977709476     
  0.71250001061707735        4.6399168277485053E-002  0.18454345753286594     
  0.72500001080334187        4.8705961531019776E-002  0.18982827034887889     
  0.73750001098960638        5.1078814945739036E-002  0.19513578566383885     
  0.75000001117587090        5.3518012302883895E-002  0.20046359877485684     
  0.76250001136213541        5.6023807324908859E-002  0.20580931331854987     
  0.77500001154839993        5.8596423779725702E-002  0.21117054174773900     
  0.78750001173466444        6.1236055590906016E-002  0.21654490580369273     
  0.80000001192092896        6.3942866953786801E-002  0.22193003698386482     
  0.81250001210719347        6.6716992457422797E-002  0.22732357700507561     
  0.82500001229345798        6.9558537212328561E-002  0.23272317826208788     
  0.83750001247972250        7.2467576983952731E-002  0.23812650428152837     
  0.85000001266598701        7.5444158331826355E-002  0.24353123017110728     
  0.86250001285225153        7.8488298754326419E-002  0.24893504306408909     
  0.87500001303851604        8.1599986838995303E-002  0.25433564255896873     
  0.88750001322478056        8.4779182418356122E-002  0.25973074115430833     
  0.90000001341104507        8.8025816731163595E-002  0.26511806467869037     
  0.91250001359730959        9.1339792589029314E-002  0.27049535271574404     
  0.92500001378357410        9.4720984548359796E-002  0.27586035902420297     
  0.93750001396983862        9.8169239087545324E-002  0.28121085195295259     
  0.95000001415610313       0.10168437478933684       0.28654461485102706     
  0.96250001434236765       0.10526618252834777       0.29185944647251644     
  0.97500001452863216       0.10891442566361728       0.29715316137634507     
  0.98750001471489668       0.11262884023617069       0.30242359032088434     
   1.0000000149011612       0.11640913517151252       0.30766858065336217     
   1.0125000150874257       0.12025499248698729       0.31288599669403466     
   1.0250000152736902       0.12416606750394228       0.31807372011508378     
   1.0375000154599547       0.12814198906462668       0.32322965031420842     
   1.0500000156462193       0.13218235975376050       0.32835170478287479     
   1.0625000158324838       0.13628675612470670       0.33343781946919487     
   1.0750000160187483       0.14045472893017927       0.33848594913540131     
   1.0875000162050128       0.14468580335741971       0.34349406770988861     
   1.1000000163912773       0.14897947926777408       0.34846016863379170     
   1.1125000165775418       0.15333523144060224       0.35338226520207278     
   1.1250000167638063       0.15775250982145073       0.35825839089908984     
   1.1375000169500709       0.16223073977442018       0.36308659972861967     
   1.1500000171363354       0.16676932233865807       0.36786496653831008     
   1.1625000173225999       0.17136763448890713       0.37259158733853637     
   1.1750000175088644       0.17602502940003942       0.37726457961563870     
   1.1875000176951289       0.18074083671550589       0.38188208263951706     
   1.2000000178813934       0.18551436281963093       0.38644225776556224     
   1.2125000180676579       0.19034489111368094       0.39094328873090151     
   1.2250000182539225       0.19523168229563606       0.39538338194493905     
   1.2375000184401870       0.20017397464359368       0.39976076677417205     
   1.2500000186264515       0.20517098430273209       0.40407369582126379     
   1.2625000188127160       0.21022190557576248       0.40832044519835686     
   1.2750000189989805       0.21532591121679756       0.41249931479460972     
   1.2875000191852450       0.22048215272856417       0.41660862853794095     
   1.3000000193715096       0.22568976066288784       0.42064673465096697     
   1.3125000195577741       0.23094784492437651       0.42461200590111903     
   1.3250000197440386       0.23625549507723065       0.42850283984492699     
   1.3375000199303031       0.24161178065510711       0.43231765906645753     
   1.3500000201165676       0.24701575147396326       0.43605491140989616     
   1.3625000203028321       0.25246643794780854       0.43971307020626277     
   1.3750000204890966       0.25796285140728975       0.44329063449425116     
   1.3875000206753612       0.26350398442103723       0.44678612923518463     
   1.4000000208616257       0.26908881111969746       0.45019810552207978     
   1.4125000210478902       0.27471628752257937       0.45352514078281236     
   1.4250000212341547       0.28038535186684016       0.45676583897737882     
   1.4375000214204192       0.28609492493913669       0.45991883078924933     
   1.4500000216066837       0.29184391040966884       0.46298277381080805     
   1.4625000217929482       0.29763119516854120       0.46595635272287755     
   1.4750000219792128       0.30345564966436828       0.46883827946832540     
   1.4875000221654773       0.30931612824505028       0.47162729341975124     
   1.5000000223517418       0.31521146950064460       0.47432216154125412     
   1.5125000225380063       0.32114049660825966       0.47692167854428064     
   1.5250000227242708       0.32710201767889674       0.47942466703755454     
   1.5375000229105353       0.33309482610616598       0.48182997767109059     
   1.5500000230967999       0.33911770091680243       0.48413648927429537     
   1.5625000232830644       0.34516940712290856       0.48634310898815847     
   1.5750000234693289       0.35124869607584902       0.48844877239153961     
   1.5875000236555934       0.35735430582172395       0.49045244362155610     
   1.6000000238418579       0.36348496145834730       0.49235311548807797     
   1.6125000240281224       0.36963937549365616       0.49414980958233717     
   1.6250000242143869       0.37581624820547793       0.49584157637965931     
   1.6375000244006515       0.38201426800258137       0.49742749533632669     
   1.6500000245869160       0.38823211178693856       0.49890667498058194     
   1.6625000247731805       0.39446844531712444       0.50027825299778328     
   1.6750000249594450       0.40072192357278080       0.50154139630972217     
   1.6875000251457095       0.40699119112007170       0.50269530114811567     
   1.7000000253319740       0.41327488247805744       0.50373919312228643     
   1.7125000255182385       0.41957162248591473       0.50467232728104416     
   1.7250000257045031       0.42588002667093033       0.50549398816878244     
   1.7375000258907676       0.43219870161719570       0.50620348987580677     
   1.7500000260770321       0.43852624533493101       0.50680017608290984     
   1.7625000262632966       0.44486124763036627       0.50728342010021032     
   1.7750000264495611       0.45120229047610783       0.50765262490027396     
   1.7875000266358256       0.45754794838191892       0.50790722314553371     
   1.8000000268220901       0.46389678876584317       0.50804667721002972     
   1.8125000270083547       0.47024737232559960       0.50807047919548798     
   1.8250000271946192       0.47659825341017870       0.50797815094175869     
   1.8375000273808837       0.48294798039156900       0.50776924403163581     
   1.8500000275671482       0.48929509603654386       0.50744333979007994     
   1.8625000277534127       0.49563813787843858       0.50700004927786735     
   1.8750000279396772       0.50197563858884808       0.50643901327968888     
   1.8875000281259418       0.50830612634917582       0.50575990228672296     
   1.9000000283122063       0.51462812522196499       0.50496241647370810     
   1.9125000284984708       0.52094015552194295       0.50404628567054044     
   1.9250000286847353       0.52724073418671069       0.50301126932842299     
   1.9375000288709998       0.53352837514700913       0.50185715648059381     
   1.9500000290572643       0.53980158969649472       0.50058376569766083     
   1.9625000292435288       0.54605888686095649       0.49919094503757205     
   1.9750000294297934       0.55229877376690772       0.49767857199025112     
   1.9875000296160579       0.55851975600948567       0.49604655341692677     
   2.0000000298023224       0.56472033801959309       0.49429482548418846     
   2.0125000299885869       0.57089902343021504       0.49242335359279832     
   2.0250000301748514       0.57705431544184604       0.49043213230129201     
   2.0375000303611159       0.58318471718696230       0.48832118524440105     
   2.0500000305473804       0.58928873209347421       0.48609056504632991     
   2.0625000307336450       0.59536486424709478       0.48374035322892162     
   2.0750000309199095       0.60141161875256000       0.48127066011474701     
   2.0875000311061740       0.60742750209363794       0.47868162472515213     
   2.1000000312924385       0.61341102249186374       0.47597341467330034     
   2.1125000314787030       0.61936069026393692       0.47314622605224499     
   2.1250000316649675       0.62527501817772035       0.47020028331807018     
   2.1375000318512321       0.63115252180677783       0.46713583916813711     
   2.1500000320374966       0.63699171988339043       0.46395317441447415     
   2.1625000322237611       0.64279113464998938       0.46065259785235002     
   2.1750000324100256       0.64854929220894697       0.45723444612406872     
   2.1875000325962901       0.65426472287066439       0.45369908357802707     
   2.2000000327825546       0.65993596149989775       0.45004690212307491     
   2.2125000329688191       0.66556154786026400       0.44627832107821924     
   2.2250000331550837       0.67114002695686759       0.44239378701771431     
   2.2375000333413482       0.67666994937699132       0.43839377361157944     
   2.2500000335276127       0.68214987162879326       0.43427878146158772     
   2.2625000337138772       0.68757835647795384       0.43004933793276884     
   2.2750000339001417       0.69295397328221642       0.42570599698046990     
   2.2875000340864062       0.69827529832376622       0.42124933897301858     
   2.3000000342726707       0.70354091513939276       0.41667997051003353     
   2.3125000344589353       0.70874941484838083       0.41199852423642747     
   2.3250000346451998       0.71389939647807688       0.40720565865214881     
   2.3375000348314643       0.71898946728707669       0.40230205791770812     
   2.3500000350177288       0.72401824308598262       0.39728843165553646     
   2.3625000352039933       0.72898434855567751       0.39216551474722289     
   2.3750000353902578       0.73388641756306427       0.38693406712667877     
   2.3875000355765224       0.73872309347421983       0.38159487356927718     
   2.4000000357627869       0.74349302946491336       0.37614874347701638     
   2.4125000359490514       0.74819488882843921       0.37059651065975624     
   2.4250000361353159       0.75282734528071515       0.36493903311257714     
   2.4375000363215804       0.75738908326259757       0.35917719278931154     
   2.4500000365078449       0.76187879823936588       0.35331189537229873     
   2.4625000366941094       0.76629519699732906       0.34734407003841317     
   2.4750000368803740       0.77063699793750706       0.34127466922141803     
   2.4875000370666385       0.77490293136634214       0.33510466837069558     
   2.5000000372529030       0.77909173978339397       0.32883506570640614     
   2.5125000374391675       0.78320217816597437       0.32246688197112822     
   2.5250000376254320       0.78723301425067760       0.31600116017803237     
   2.5375000378116965       0.79118302881176283       0.30943896535564253     
   2.5500000379979610       0.79505101593634586       0.30278138428923712     
   2.5625000381842256       0.79883578329635874       0.29602952525894521     
   2.5750000383704901       0.80253615241723530       0.28918451777459053     
   2.5875000385567546       0.80615095894328248       0.28224751230733863     
   2.6000000387430191       0.80967905289969688       0.27521968001820185     
   2.6125000389292836       0.81311929895118806       0.26810221248345717     
   2.6250000391155481       0.81647057665716916       0.26089632141703206     
   2.6375000393018126       0.81973178072347774       0.25360323838991461     
   2.6500000394880772       0.82290182125058897       0.24622421454664348     
   2.6625000396743417       0.82597962397828484       0.23876052031893408     
   2.6750000398606062       0.82896413052674411       0.23121344513649764     
   2.6875000400468707       0.83185429863401716       0.22358429713510983     
   2.7000000402331352       0.83464910238985190       0.21587440286198606     
   2.7125000404193997       0.83734753246583649       0.20808510697852070     
   2.7250000406056643       0.83994859634182684       0.20021777196044779     
   2.7375000407919288       0.84245131852862587       0.19227377779548110     
   2.7500000409781933       0.84485474078688316       0.18425452167849127     
   2.7625000411644578       0.84715792234218434       0.17616141770427857     
   2.7750000413507223       0.84935994009630045       0.16799589655799929     
   2.7875000415369868       0.85145988883456714       0.15975940520330470     
   2.8000000417232513       0.85345688142936593       0.15145340656825101     
   2.8125000419095159       0.85535004903967948       0.14307937922903963     
   2.8250000420957804       0.85713854130669309       0.13463881709164652     
   2.8375000422820449       0.85882152654541710       0.12613322907140007     
   2.8500000424683094       0.86039819193230371       0.11756413877056686     
   2.8625000426545739       0.86186774368883379       0.10893308415400499     
   2.8750000428408384       0.86322940726104924       0.10024161722294440     
   2.8875000430271029       0.86448242749500748        9.1491303686954295E-002
   2.9000000432133675       0.86562606880813597        8.2683722634157367E-002
   2.9125000433996320       0.86665961535646396        7.3820466199751023E-002
   2.9250000435858965       0.86758237119771098        6.4903139232895576E-002
   2.9375000437721610       0.86839366045021127        5.5933358962029840E-002
   2.9500000439584255       0.86909282744765504        4.6912754658674158E-002
   2.9625000441446900       0.86967923688962667        3.7842967299781483E-002
   2.9750000443309546       0.87015227398792272        2.8725649228696793E-002
   2.9875000445172191       0.87051134460863200        1.9562463814785404E-002
   3.0000000447034836       0.87075587540996058        1.0355085111790664E-002
   3.0125000448897481       0.87088531397578672        1.1051975149816307E-003
   3.0250000450760126       0.87089912894492982       -8.1855045828486562E-003
   3.0375000452622771       0.87079681013611954       -1.7515317136473731E-002
   3.0500000454485416       0.87057786866865117       -2.6882526794352400E-002
   3.0625000456348062       0.87024183707871450       -3.6285411245715021E-002
   3.0750000458210707       0.86978826943138432       -4.5722239568556630E-002
   3.0875000460073352       0.86921674142826089       -5.5191272578476412E-002
   3.1000000461935997       0.86852685051074974       -6.4690763178302857E-002
   3.1125000463798642       0.86771821595897136       -7.4218956708444070E-002
   3.1250000465661287       0.86679047898629147       -8.3774091297902670E-002
   3.1375000467523932       0.86574330282946355       -9.3354398215894863E-002
   3.1500000469386578       0.86457637283437627      -0.10295810222401326     
   3.1625000471249223       0.86328939653739867      -0.11258342192887308     
   3.1750000473111868       0.86188210374231744      -0.12222857013518142     
   3.1875000474974513       0.86035424659286086      -0.13189175419916949     
   3.2000000476837158       0.85870559964080451      -0.14157117638232763     
   3.2125000478699803       0.85693595990965576      -0.15126503420538312     
   3.2250000480562449       0.85504514695391320      -0.16097152080246097     
   3.2375000482425094       0.85303300291389916      -0.17068882527536763     
   3.2500000484287739       0.85089939256616376      -0.18041513304793852     
   3.2625000486150384       0.84864420336945956      -0.19014862622038906     
   3.2750000488013029       0.84626734550628679      -0.19988748392361058     
   3.2875000489875674       0.84376875192000966      -0.20962988267335139     
   3.3000000491738319       0.84114837834754619      -0.21937399672422411     
   3.3125000493600965       0.83840620334763183      -0.22911799842348024     
   3.3250000495463610       0.83554222832466174      -0.23886005856449335     
   3.3375000497326255       0.83255647754811446      -0.24859834673989226     
   3.3500000499188900       0.82944899816756079      -0.25833103169428573     
   3.3625000501051545       0.82621986022326432      -0.26805628167652079     
   3.3750000502914190       0.82286915665237848      -0.27777226479141626     
   3.3875000504776835       0.81939700329074661      -0.28747714935091401     
   3.4000000506639481       0.81580353887031343      -0.29716910422459070     
   3.4125000508502126       0.81208892501215402      -0.30684629918947171     
   3.4250000510364771       0.80825334621513101      -0.31650690527909148     
   3.4375000512227416       0.80429700984018837      -0.32614909513174228     
   3.4500000514090061       0.80022014609029157      -0.33577104333785540     
   3.4625000515952706       0.79602300798602610      -0.34537092678645859     
   3.4750000517815351       0.79170587133686499      -0.35494692501065306     
   3.4875000519677997       0.78726903470811782      -0.36449722053205480     
   3.5000000521540642       0.78271281938357429      -0.37401999920414464     
   3.5125000523403287       0.77803756932385582      -0.38351345055447150     
   3.5250000525265932       0.77324365112048998      -0.39297576812565421     
   3.5375000527128577       0.76833145394572189      -0.40240514981512737     
   3.5500000528991222       0.76330138949807902      -0.41179979821357660     
   3.5625000530853868       0.75815389194370564      -0.42115792094200938     
   3.5750000532716513       0.75288941785348373      -0.43047773098740794     
   3.5875000534579158       0.74750844613595846      -0.43975744703691061     
   3.6000000536441803       0.74201147796608591      -0.44899529381046893     
   3.6125000538304448       0.73639903670982321      -0.45818950239192757     
   3.6250000540167093       0.73067166784457971      -0.46733831055847486     
   3.6375000542029738       0.72482993887555025      -0.47643996310841241     
   3.6500000543892384       0.71887443924795125      -0.48549271218719153     
   3.6625000545755029       0.71280578025518126      -0.49449481761166580     
   3.6750000547617674       0.70662459494292862      -0.50344454719250886     
   3.6875000549480319       0.70033153800924841      -0.51234017705474688     
   3.7000000551342964       0.69392728570063333      -0.52117999195635600     
   3.7125000553205609       0.68741253570410155      -0.52996228560487446     
   3.7250000555068254       0.68078800703532749      -0.53868536097198116     
   3.7375000556930900       0.67405443992283975      -0.54734753060599095     
   3.7500000558793545       0.66721259568831348      -0.55594711694221888     
   3.7625000560656190       0.66026325662298258      -0.56448245261116481     
   3.7750000562518835       0.65320722586019997      -0.57295188074447212     
   3.7875000564381480       0.64604532724417352      -0.58135375527861166     
   3.8000000566244125       0.63877840519490525      -0.58968644125624581     
   3.8125000568106771       0.63140732456936455      -0.59794831512522562     
   3.8250000569969416       0.62393297051892271      -0.60613776503517569     
   3.8375000571832061       0.61635624834308111      -0.61425319113162169     
   3.8500000573694706       0.60867808333952222      -0.62229300584761471     
   3.8625000575557351       0.60089942065051594      -0.63025563419280961     
   3.8750000577419996       0.59302122510571154      -0.63813951403995228     
   3.8875000579282641       0.58504448106134943      -0.64594309640873349     
   3.9000000581145287       0.57697019223592394      -0.65366484574696504     
   3.9125000583007932       0.56879938154233234      -0.66130324020903775     
   3.9250000584870577       0.56053309091654202      -0.66885677193161774     
   3.9375000586733222       0.55217238114281253      -0.67632394730654044     
   3.9500000588595867       0.54371833167550565      -0.68370328725086138     
   3.9625000590458512       0.53517204045752020      -0.69099332747402387     
   3.9750000592321157       0.52653462373538740      -0.69819261874210237     
   3.9875000594183803       0.51780721587106260      -0.70529972713908429     
   4.0000000596046448       0.50899096915045172      -0.71231323432514959     
   4.0125000597909093       0.50008705358870864      -0.71923173779191119     
   4.0250000599771738       0.49109665673234237      -0.72605385111457810     
   4.0375000601634383       0.48202098345817207      -0.73277820420100437     
   4.0500000603497028       0.47286125576916893      -0.73940344353758680     
   4.0625000605359674       0.46361871258722448      -0.74592823243197603     
   4.0750000607222319       0.45429460954288481      -0.75235125125256530     
   4.0875000609084964       0.44489021876209139      -0.75867119766472180     
   4.1000000610947609       0.43540682864996882      -0.76488678686372658     
   4.1125000612810254       0.42584574367170097      -0.77099675180438942     
   4.1250000614672899       0.41620828413053679      -0.77699984342730521     
   4.1375000616535544       0.40649578594296798      -0.78289483088171918     
   4.1500000618398190       0.39670960041112097      -0.78868050174496940     
   4.1625000620260835       0.38685109399240564      -0.79435566223847498     
   4.1750000622123480       0.37692164806646444      -0.79991913744023890     
   4.1875000623986125       0.36692265869946489      -0.80536977149383582     
   4.2000000625848770       0.35685553640578010      -0.81070642781385460     
   4.2125000627711415       0.34672170590710111      -0.81592798928776722     
   4.2250000629574060       0.33652260588902561      -0.82103335847419534     
   4.2375000631436706       0.32625968875516881      -0.82602145779754654     
   4.2500000633299351       0.31593442037884101      -0.83089122973899343     
   4.2625000635161996       0.30554827985233801      -0.83564163702376903     
   4.2750000637024641       0.29510275923389051      -0.84027166280475252     
   4.2875000638887286       0.28459936329231833      -0.84478031084231964     
   4.3000000640749931       0.27403960924943677      -0.84916660568043378     
   4.3125000642612576       0.26342502652026173      -0.85342959281895303     
   4.3250000644475222       0.25275715645106117      -0.85756833888213013     
   4.3375000646337867       0.24203755205530000      -0.86158193178328291     
   4.3500000648200512       0.23126777774752683      -0.86546948088561204     
   4.3625000650063157       0.22044940907525043      -0.86923011715914567     
   4.3750000651925802       0.20958403244885437      -0.87286299333378936     
   4.3875000653788447       0.19867324486959861      -0.87636728404846187     
   4.4000000655651093       0.18771865365575671      -0.87974218599629617     
   4.4125000657513738       0.17672187616693827      -0.88298691806588758     
   4.4250000659376383       0.16568453952664555      -0.88610072147857066     
   4.4375000661239028       0.15460828034311430      -0.88908285992170699     
   4.4500000663101673       0.14349474442848836      -0.89193261967796700     
   4.4625000664964318       0.13234558651637837      -0.89464930975058954     
   4.4750000666826963       0.12116246997785458      -0.89723226198460337     
   4.4875000668689609       0.10994706653592451      -0.89968083118399633     
   4.5000000670552254        9.8701055978545948E-002 -0.90199439522481650     
   4.5125000672414899        8.7426125870226190E-002 -0.90417235516419292     
   4.5250000674277544        7.6123971262258561E-002 -0.90621413534526252     
   4.5375000676140189        6.4796294401647248E-002 -0.90811918349799048     
   4.5500000678002834        5.3444804438771989E-002 -0.90988697083587278     
   4.5625000679865479        4.2071217133843923E-002 -0.91151699214850979     
   4.5750000681728125        3.0677254562204281E-002 -0.91300876589004099     
   4.5875000683590770        1.9264644818517633E-002 -0.91436183426342998     
   4.6000000685453415        7.8351217199115943E-003 -0.91557576330059209     
   4.6125000687316060       -3.6095754918850816E-003 -0.91665014293835556     
   4.6250000689178705       -1.5067702449353921E-002 -0.91758458709024859     
   4.6375000691041350       -2.6537509958895478E-002 -0.91837873371410572     
   4.6500000692903996       -3.8017244301383167E-002 -0.91903224487548640     
   4.6625000694766641       -4.9505147533509840E-002 -0.91954480680690120     
   4.6750000696629286       -6.0999457789874673E-002 -0.91991612996283922     
   4.6875000698491931       -7.2498409585757900E-002 -0.92014594907059422     
   4.7000000700354576       -8.4000234120530870E-002 -0.92023402317688363     
   4.7125000702217221       -9.5503159581648858E-002 -0.92018013569025980     
   4.7250000704079866      -0.10700541144917401      -0.91998409441930873     
   4.7375000705942512      -0.11850521280077576      -0.91964573160663698     
   4.7500000707805157      -0.13000078461715608      -0.91916490395864403     
   4.7625000709667802      -0.14149034608784694      -0.91854149267108043     
   4.7750000711530447      -0.15297211491732712      -0.91777540345039221     
   4.7875000713393092      -0.16444430763140602      -0.91686656653085263     
   4.8000000715255737      -0.17590513988382139      -0.91581493668748215     
   4.8125000717118382      -0.18735282676299875      -0.91462049324476002     
   4.8250000718981028      -0.19878558309891958      -0.91328324008112993     
   4.8375000720843673      -0.21020162377004598      -0.91180320562930339     
   4.8500000722706318      -0.22159916401024884      -0.91018044287236521     
   4.8625000724568963      -0.23297641971568772      -0.90841502933568630     
   4.8750000726431608      -0.24433160775158930      -0.90650706707464879     
   4.8875000728294253      -0.25566294625887248      -0.90445668265819079     
   4.9000000730156898      -0.26696865496056804      -0.90226402714817688     
   4.9125000732019544      -0.27824695546798001      -0.89992927607460205     
   4.9250000733882189      -0.28949607158653740      -0.89745262940663761     
   4.9375000735744834      -0.30071422962128397      -0.89483431151952808     
   4.9500000737607479      -0.31189965868195396      -0.89207457115734778     
   4.9625000739470124      -0.32305059098758265      -0.88917368139162878     
   4.9750000741332769      -0.33416526217059950      -0.88613193957586922     
   4.9875000743195415      -0.34524191158035278      -0.88294966729593516     
   5.0000000745058060      -0.35627878258601414      -0.87962721031636704     
   5.0125000746920705      -0.36727412287881206      -0.87616493852260358     
   5.0250000748783350      -0.37822618477354303      -0.87256324585913703     
   5.0375000750645995      -0.38913322550930979      -0.86882255026361310     
   5.0500000752508640      -0.39999350754943575      -0.86494329359689071     
   5.0625000754371285      -0.41080529888050510      -0.86092594156907676     
   5.0750000756233931      -0.42156687331047848      -0.85677098366155124     
   5.0875000758096576      -0.43227651076583390      -0.85247893304500000     
   5.1000000759959221      -0.44293249758768299      -0.84805032649347156     
   5.1125000761821866      -0.45353312682681307      -0.84348572429447632     
   5.1250000763684511      -0.46407669853760547      -0.83878571015514558     
   5.1375000765547156      -0.47456152007078078      -0.83395089110447040     
   5.1500000767409801      -0.48498590636492211      -0.82898189739163941     
   5.1625000769272447      -0.49534818023672750      -0.82387938238049463     
   5.1750000771135092      -0.50564667266994312      -0.81864402244012824     
   5.1875000772997737      -0.51587972310292907      -0.81327651683163937     
   5.2000000774860382      -0.52604567971480909      -0.80777758759107410     
   5.2125000776723027      -0.53614289971015783      -0.80214797940857097     
   5.2250000778585672      -0.54616974960217668      -0.79638845950373460     
   5.2375000780448318      -0.55612460549431231      -0.79049981749726150     
   5.2500000782310963      -0.56600585336027009      -0.78448286527884215     
   5.2625000784173608      -0.57581188932237692      -0.77833843687136384     
   5.2750000786036253      -0.58554111992824576      -0.77206738829144028     
   5.2875000787898898      -0.59519196242569750      -0.76567059740629284     
   5.3000000789761543      -0.60476284503589339      -0.75914896378701091     
   5.3125000791624188      -0.61425220722463358      -0.75250340855821740     
   5.3250000793486834      -0.62365849997177603      -0.74573487424416807     
   5.3375000795349479      -0.63298018603873207      -0.73884432461131122     
   5.3500000797212124      -0.64221574023399397      -0.73183274450733804     
   5.3625000799074769      -0.65136364967665017      -0.72470113969675098     
   5.3750000800937414      -0.66042241405784563      -0.71745053669298164     
   5.3875000802800059      -0.66939054590014346      -0.71008198258708666     
   5.4000000804662704      -0.67826657081474517      -0.70259654487305345     
   5.4125000806525350      -0.68704902775652710      -0.69499531126974645     
   5.4250000808387995      -0.69573646927685184      -0.68727938953952572     
   5.4375000810250640      -0.70432746177411165      -0.67944990730356980     
   5.4500000812113285      -0.71282058574196372      -0.67150801185393638     
   5.4625000813975930      -0.72121443601521606      -0.66345486996239278     
   5.4750000815838575      -0.72950762201332409      -0.65529166768605052     
   5.4875000817701221      -0.73769876798145728      -0.64701961016983855     
   5.5000000819563866      -0.74578651322909706      -0.63863992144584869     
   5.5125000821426511      -0.75376951236612610      -0.63015384422958920     
   5.5250000823289156      -0.76164643553637124      -0.62156263971318149     
   5.5375000825151801      -0.76941596864856110      -0.61286758735553659     
   5.5500000827014446      -0.77707681360466074      -0.60406998466954720     
   5.5625000828877091      -0.78462768852554687      -0.59517114700633211     
   5.5750000830739737      -0.79206732797398527      -0.58617240733657117     
   5.5875000832602382      -0.79939448317487549      -0.57707511602896722     
   5.6000000834465027      -0.80660792223272615      -0.56788064062587473     
   5.6125000836327672      -0.81370643034632562      -0.55859036561613207     
   5.6250000838190317      -0.82068881002057281      -0.54920569220513782     
   5.6375000840052962      -0.82755388127543461      -0.53972803808220959     
   5.6500000841915607      -0.83430048185199446      -0.53015883718526535     
   5.6625000843778253      -0.84092746741556001      -0.52049953946286798     
   5.6750000845640898      -0.84743371175579640      -0.51075161063367258     
   5.6875000847503543      -0.85381810698385219      -0.50091653194331864     
   5.7000000849366188      -0.86007956372644667      -0.49099579991880743     
   5.7125000851228833      -0.86621701131688689      -0.48099092612040695     
   5.7250000853091478      -0.87222939798298349      -0.47090343689112613     
   5.7375000854954123      -0.87811569103183518      -0.46073487310380068     
   5.7500000856816769      -0.88387487703145129      -0.45048678990583363     
   5.7625000858679414      -0.88950596198918386      -0.44016075646163327     
   5.7750000860542059      -0.89500797152694056      -0.42975835569279203     
   5.7875000862404704      -0.90037995105314916      -0.41928118401605030     
   5.8000000864267349      -0.90562096593144703      -0.40873085107908869     
   5.8125000866129994      -0.91073010164606771      -0.39810897949419372     
   5.8250000867992640      -0.91570646396389876      -0.38741720456984102     
   5.8375000869855285      -0.92054917909318390      -0.37665717404024146     
   5.8500000871717930      -0.92525739383884475      -0.36583054779289531     
   5.8625000873580575      -0.92983027575439725      -0.35493899759419978     
   5.8750000875443220      -0.93426701329043726      -0.34398420681315600     
   5.8875000877305865      -0.93856681593967373      -0.33296787014322154     
   5.9000000879168510      -0.94272891437848405      -0.32189169332235434     
   5.9125000881031156      -0.94675256060497048      -0.31075739285129550     
   5.9250000882893801      -0.95063702807349471      -0.29956669571013683     
   5.9375000884756446      -0.95438161182567005      -0.28832133907322083     
   5.9500000886619091      -0.95798562861778935      -0.27702307002242033     
   5.9625000888481736      -0.96144841704466921      -0.26567364525884507     
   5.9750000890344381      -0.96476933765989037      -0.25427483081302327     
   5.9875000892207026      -0.96794777309241553      -0.24282840175360590     
   6.0000000894069672      -0.97098312815956589      -0.23133614189464186     
   6.0125000895932317      -0.97387482997633867      -0.21979984350147266     
   6.0250000897794962      -0.97662232806104798      -0.20822130699529479     
   6.0375000899657607      -0.97922509443727346      -0.19660234065643858     
   6.0500000901520252      -0.98168262373209902      -0.18494476032641269     
   6.0625000903382897      -0.98399443327062786      -0.17325038910876289     
   6.0750000905245543      -0.98616006316675775      -0.16152105706879466     
   6.0875000907108188      -0.98817907641020331      -0.14975860093220864     
   6.1000000908970833      -0.99005105894975065      -0.13796486378269879     
   6.1125000910833478      -0.99177561977273232      -0.12614169475856249     
   6.1250000912696123      -0.99335239098071004      -0.11429094874837271     
   6.1375000914558768      -0.99478102786135303      -0.10241448608576174     
   6.1500000916421413      -0.99606120895650119       -9.0514172243366720E-002
   6.1625000918284059      -0.99719263612640285       -7.8591877525986883E-002
   6.1750000920146704      -0.99817503461011658       -6.6649476763002813E-002
   6.1875000922009349      -0.99900815308206858       -5.4688849000107814E-002
   6.2000000923871994      -0.99969176370475654       -4.2711877190401801E-002
   6.2125000925734639       -1.0002256621775922       -3.0720447884898139E-002
   6.2250000927597284       -1.0006096677818757       -1.8716450922493771E-002
   6.2375000929459929       -1.0008436234218931       -6.7017791194532803E-003
   6.2500000931322575       -1.0009273956621345        5.3216720415426577E-003
   6.2625000933185220       -1.0008608747606240        1.7352004722733780E-002
   6.2750000935047865       -1.0006439746983578        2.9387319042951103E-002
   6.2875000936910510       -1.0002766332048469        4.1425713389571489E-002
   6.3000000938773155      -0.99975881177976111        5.3465284730705248E-002
   6.3125000940635800      -0.99909049571066866        6.5504128927566130E-002
   6.3250000942498446      -0.99827169408687300        7.7540341046972994E-002
   6.3375000944361091      -0.99730243980934286        8.9572015673932498E-002
   6.3500000946223736      -0.99618278959673456       0.10159724722425229     
   6.3625000948086381      -0.99491282398750747       0.11361413025713384     
   6.3750000949949026      -0.99349264733813103       0.12562075978769457     
   6.3875000951811671      -0.99192238781738618       0.13761523159936859     
   6.4000000953674316      -0.99020219739676119       0.14959564255613558     
   6.4125000955536962      -0.98833225183694517       0.16156009091452742     
   6.4250000957399607      -0.98631275067042068       0.17350667663536207     
   6.4375000959262252      -0.98414391718016048       0.18543350169515455     
   6.4500000961124897      -0.98182599837443141       0.19733867039715469     
   6.4625000962987542      -0.97935926495770975       0.20922028968196152     
   6.4750000964850187      -0.97674401129771493       0.22107646943766424     
   6.4875000966712832      -0.97398055538856543       0.23290532280945986     
   6.5000000968575478      -0.97106923881006513       0.24470496650869775     
   6.5125000970438123      -0.96801042668312653       0.25647352112130117     
   6.5250000972300768      -0.96480450762133840       0.26820911141551640     
   6.5375000974163413      -0.96145189367868655       0.27990986664893985     
   6.5500000976026058      -0.95795302029343754       0.29157392087477402     
   6.5625000977888703      -0.95430834622819294       0.30319941324726285     
   6.5750000979751348      -0.95051835350612690       0.31478448832625783     
   6.5875000981613994      -0.94658354734341554       0.32632729638086566     
   6.6000000983476639      -0.94250445607787148       0.33782599369212901     
   6.6125000985339284      -0.93828163109379492       0.34927874285469168     
   6.6250000987201929      -0.93391564674305305       0.36068371307740010     
   6.6375000989064574      -0.92940710026240292       0.37203908048279277     
   6.6500000990927219      -0.92475661168707035       0.38334302840543000     
   6.6625000992789865      -0.91996482376059929       0.39459374768901584     
   6.6750000994652510      -0.91503240184098777       0.40578943698226522     
   6.6875000996515155      -0.90996003380312529       0.41692830303346851     
   6.7000000998377800      -0.90474842993754800       0.42800856098370682     
   6.7125001000240445      -0.89939832284552890       0.43902843465867097     
   6.7250001002103090      -0.89391046733052004       0.44998615685903781     
   6.7375001003965735      -0.88828564028596557       0.46087996964935724     
   6.7500001005828381      -0.88252464057950297       0.47170812464540424     
   6.7625001007691026      -0.87662828893357292       0.48246888329994986     
   6.7750001009553671      -0.87059742780245675       0.49316051718690568     
   6.7875001011416316      -0.86443292124576210       0.50378130828379664     
   6.8000001013278961      -0.85813565479837806       0.51432954925251706     
   6.8125001015141606      -0.85170653533692020       0.52480354371832527     
   6.8250001017004251      -0.84514649094268890       0.53520160654703286     
   6.8375001018866897      -0.83845647076116192       0.54552206412034354     
   6.8500001020729542      -0.83163744485804625       0.55576325460929898     
   6.8625001022592187      -0.82469040407191108       0.56592352824578751     
   6.8750001024454832      -0.81761635986342729       0.57600124759207250     
   6.8875001026317477      -0.81041634416123776       0.58599478780829839     
   6.9000001028180122      -0.80309140920448396       0.59590253691793094     
   6.9125001030042768      -0.79564262738201430       0.60572289607109053     
   6.9250001031905413      -0.78807109106830098       0.61545427980573608     
   6.9375001033768058      -0.78037791245609200       0.62509511630665870     
   6.9500001035630703      -0.77256422338582575       0.63464384766224369     
   6.9625001037493348      -0.76463117517183610       0.64409893011896069     
   6.9750001039355993      -0.75657993842537630       0.65345883433354091     
   6.9875001041218638      -0.74841170287449088       0.66272204562280290     
   7.0000001043081284      -0.74012767718076422       0.67188706421108590     
   7.0125001044943929      -0.73172908875297693       0.68095240547525249     
   7.0250001046806574      -0.72321718355769904       0.68991660018722201     
   7.0375001048669219      -0.71459322592685182       0.69877819475399572     
   7.0500001050531864      -0.70585849836226933       0.70753575145513670     
   7.0625001052394509      -0.69701430133729136       0.71618784867766627     
   7.0750001054257154      -0.68806195309542018       0.72473308114834023     
   7.0875001056119800      -0.67900278944607384       0.73317006016326858     
   7.1000001057982445      -0.66983816355746939       0.74149741381484191     
   7.1125001059845090      -0.66056944574666920       0.74971378721592963     
   7.1250001061707735      -0.65119802326682497       0.75781784272131347     
   7.1375001063570380      -0.64172530009165396       0.76580826014632319     
   7.1500001065433025      -0.63215269669718199       0.77368373698263793     
   7.1625001067295671      -0.62248164984078924       0.78144298861122163     
   7.1750001069158316      -0.61271361233759392       0.78908474851235710     
   7.1875001071020961      -0.60285005283421100       0.79660776847274717     
   7.2000001072883606      -0.59289245557992187       0.80401081878964942     
   7.2125001074746251      -0.58284232019529258       0.81129268847201319     
   7.2250001076608896      -0.57270116143827743       0.81845218543858678     
   7.2375001078471541      -0.56247050896784645       0.82548813671296450     
   7.2500001080334187      -0.55215190710517525       0.83239938861554219     
   7.2625001082196832      -0.54174691459243451       0.83918480695235187     
   7.2750001084059477      -0.53125710434921980       0.84584327720074548     
   7.2875001085922122      -0.52068406322665994       0.85237370469189910     
   7.3000001087784767      -0.51002939175924422       0.85877501479010909     
   7.3125001089647412      -0.49929470391440856       0.86504615306885135     
   7.3250001091510057      -0.48848162683992052       0.87118608548357790     
   7.3375001093372703      -0.47759180060910472       0.87719379854122170     
   7.3500001095235348      -0.46662687796394936       0.88306829946638543     
   7.3625001097097993      -0.45558852405613526       0.88880861636418662     
   7.3750001098960638      -0.44447841618602940       0.89441379837973489     
   7.3875001100823283      -0.43329824353968516       0.89988291585421587     
   7.4000001102685928      -0.42204970692389121       0.90521506047755806     
   7.4125001104548573      -0.41073451849931231       0.91040934543765828     
   7.4250001106411219      -0.39935440151176460       0.91546490556614324     
   7.4375001108273864      -0.38791109002166918       0.92038089748064389     
   7.4500001110136509      -0.37640632863172685       0.92515649972356151     
   7.4625001111999154      -0.36484187221285852       0.92979091289730287     
   7.4750001113861799      -0.35321948562845518       0.93428335979596455     
   7.4875001115724444      -0.34154094345698177       0.93863308553344549     
   7.5000001117587090      -0.32980802971297968       0.94283935766796811     
   7.5125001119449735      -0.31802253756651255       0.94690146632298899     
   7.5250001121312380      -0.30618626906110102       0.95081872430448044     
   7.5375001123175025      -0.29430103483019121       0.95459046721456453     
   7.5500001125037670      -0.28236865381220283       0.95821605356148287     
   7.5625001126900315      -0.27039095296420262       0.96169486486588418     
   7.5750001128762960      -0.25836976697424946       0.96502630576341486     
   7.5875001130625606      -0.24630693797245662       0.96820980410359514     
   7.6000001132488251      -0.23420431524081856       0.97124481104496707     
   7.6125001134350896      -0.22206375492184802       0.97413080114649930     
   7.6250001136213541      -0.20988711972607077       0.97686727245523475     
   7.6375001138076186      -0.19767627863842463       0.97945374659016771     
   7.6500001139938831      -0.18543310662361007       0.98188976882233781     
   7.6625001141801476      -0.17315948433043962       0.98417490815112918     
   7.6750001143664122      -0.16085729779523364       0.98630875737676227     
   7.6875001145526767      -0.14852843814430980       0.98829093316896843     
   7.7000001147389412      -0.13617480129561416       0.99012107613183642     
   7.7125001149252057      -0.12379828765954178       0.99179885086482134     
   7.7250001151114702      -0.11140080183899458       0.99332394601990637     
   7.7375001152977347       -9.8984252328724737E-002  0.99469607435491003     
   7.7500001154839993       -8.6550551214011784E-002  0.99591497278293006     
   7.7625001156702638       -7.4101613868721536E-002  0.99698040241791663     
   7.7750001158565283       -6.1639358652795503E-002  0.99789214861636943     
   7.7875001160427928       -4.9165706609218984E-002  0.99865002101515099     
   7.8000001162290573       -3.6682581160516536E-002  0.99925385356541196     
   7.8125001164153218       -2.4191907804823352E-002  0.99970350456262347     
   7.8250001166015863       -1.1695613811581271E-002  0.99999885667271171     
   7.8375001167878509        8.0437208309192681E-004   1.0001398169542923     
   7.8500001169741154        1.3306119981311138E-002   1.0001263168770003     
   7.8625001171603799        2.5807699128561686E-002  0.99995831233591359     
   7.8750001173466444        3.8307178219017357E-002  0.99963578366207040     
   7.8875001175329089        5.0802625700989909E-002  0.99915873562907564     
   7.9000001177191734        6.3292110082461175E-002  0.99852719745579910     
   7.9125001179054379        7.5773700236648853E-002  0.99774122280516431     
   7.9250001180917025        8.8245465707557189E-002  0.99680088977902892     
   7.9375001182779670       0.10070547701546369       0.99570630090915779     
   7.9500001184642315       0.11315180596229291       0.99445758314429145     
   7.9625001186504960       0.12558252593682870       0.99305488783331164     
   7.9750001188367605       0.13799571221971599       0.99149839070450807     
   7.9875001190230250       0.15038944228820331       0.98978829184094996     
   8.0000001192092896       0.16276179612057762       0.98792481565196610     
   8.0125001193955541       0.17511085650024252       0.98590821084073976     
   8.0250001195818186       0.18743470931939149       0.98373875036802338     
   8.0375001197680831       0.19973144388222741       0.98141673141197916     
   8.0500001199543476       0.21199915320768026       0.97894247532415335     
   8.0625001201406121       0.22423593433157443       0.97631632758159059     
   8.0750001203268766       0.23643988860819740       0.97353865773509762     
   8.0875001205131412       0.24860912201122182       0.97060985935366417     
   8.1000001206994057       0.26074174543393280       0.96753034996505094     
   8.1125001208856702       0.27283587498871253       0.96430057099255428     
   8.1250001210719347       0.28488963230573444       0.96092098768795842     
   8.1375001212581992       0.29690114483081942       0.95739208906068607     
   8.1500001214444637       0.30886854612240616       0.95371438780315954     
   8.1625001216307282       0.32078997614758881       0.94988842021238418     
   8.1750001218169928       0.33266358157717413       0.94591474610776771     
   8.1875001220032573       0.34448751607971156       0.94179394874518851     
   8.2000001221895218       0.35625994061444921       0.93752663472732711     
   8.2125001223757863       0.36797902372316876       0.93311343391027557     
   8.2250001225620508       0.37964294182085312       0.92855499930644025     
   8.2375001227483153       0.39124987948514045       0.92385200698375369     
   8.2500001229345798       0.40279802974451823       0.91900515596121157     
   8.2625001231208444       0.41428559436521140       0.91401516810075301     
   8.2750001233071089       0.42571078413671942       0.90888278799550026     
   8.2875001234933734       0.43707181915595578       0.90360878285437740     
   8.3000001236796379       0.44836692910994574       0.89819394238312567     
   8.3125001238659024       0.45959435355703648       0.89263907866173531     
   8.3250001240521669       0.47075234220657514       0.88694502601831393     
   8.3375001242384315       0.48183915519701043       0.88111264089941121     
   8.3500001244246960       0.49285306337237311       0.87514280173682157     
   8.3625001246109605       0.50379234855709143       0.86903640881088573     
   8.3750001247972250       0.51465530382909819       0.86279438411031395     
   8.3875001249834895       0.52544023379118510       0.85641767118855272     
   8.4000001251697540       0.53614545484056220       0.84990723501671894     
   8.4125001253560185       0.54676929543657871       0.84326406183312497     
   8.4250001255422831       0.55731009636656292       0.83648915898941800     
   8.4375001257285476       0.56776621100973890       0.82958355479336021     
   8.4500001259148121       0.57813600559917788       0.82254829834827325     
   8.4625001261010766       0.58841785948174286       0.81538445938917392     
   8.4750001262873411       0.59861016537598477       0.80809312811562717     
   8.4875001264736056       0.60871132962794916       0.80067541502134310     
   8.5000001266598701       0.61871977246485332       0.79313245072054539     
   8.5125001268461347       0.62863392824659259       0.78546538577113889     
   8.5250001270323992       0.63845224571503612       0.77767539049470535     
   8.5375001272186637       0.64817318824107328       0.76976365479335518     
   8.5500001274049282       0.65779523406936991       0.76173138796346507     
   8.5625001275911927       0.66731687656079675       0.75357981850633193     
   8.5750001277774572       0.67673662443249105       0.74531019393577203     
   8.5875001279637218       0.68605300199551300       0.73692378058269747     
   8.6000001281499863       0.69526454939005944       0.72842186339670045     
   8.6125001283362508       0.70436982281819738       0.71980574574467759     
   8.6250001285225153       0.71336739477408007       0.71107674920652597     
   8.6375001287087798       0.72225585427160999       0.70223621336794384     
   8.6500001288950443       0.73103380706951093       0.69328549561036923     
   8.6625001290813088       0.73969987589377506       0.68422597089808967     
   8.6750001292675734       0.74825270065744820       0.67505903156255720     
   8.6875001294538379       0.75669093867771975       0.66578608708394293     
   8.7000001296401024       0.76501326489028132       0.65640856386996660     
   8.7125001298263669       0.77321837206092148       0.64692790503203501     
   8.7250001300126314       0.78130497099432161       0.63734557015872706     
   8.7375001301988959       0.78927179074002052       0.62766303508665933     
   8.7500001303851604       0.79711757879551515       0.61788179166877044     
   8.7625001305714250       0.80484110130646425       0.60800334754006036     
   8.7750001307576895       0.81244114326396444       0.59802922588082152     
   8.7875001309439540       0.81991650869886634       0.58796096517740082     
   8.8000001311302185       0.82726602087310008       0.57780011898052863     
   8.8125001313164830       0.83448852246798033       0.56754825566125555     
   8.8250001315027475       0.84158287576946011       0.55720695816453347     
   8.8375001316890121       0.84854796285030465       0.54677782376048201     
   8.8500001318752766       0.85538268574915599       0.53626246379337872     
   8.8625001320615411       0.86208596664645987       0.52566250342841336     
   8.8750001322478056       0.86865674803722726       0.51497958139624667     
   8.8875001324340701       0.87509399290060275       0.50421534973541360     
   8.9000001326203346       0.88139668486621281       0.49337147353261313     
   8.9125001328065991       0.88756382837726810       0.48244963066092433     
   8.9250001329928637       0.89359444885039285       0.47145151151599174     
   8.9375001331791282       0.89948759283215740       0.46037881875022096     
   8.9500001333653927       0.90524232815228745       0.44923326700502703     
   8.9625001335516572       0.91085774407352649       0.43801658264117821     
   8.9750001337379217       0.91633295143812821       0.42673050346727770     
   8.9875001339241862       0.92166708281095389       0.41537677846642646     
   9.0000001341104507       0.92685929261915412       0.40395716752111072     
   9.0125001342967153       0.93190875728841094       0.39247344113635735     
   9.0250001344829798       0.93681467537571927       0.38092738016120148     
   9.0375001346692443       0.94157626769868752       0.36932077550851028     
   9.0500001348555088       0.94619277746133523       0.35765542787320725     
   9.0625001350417733       0.95066347037636889       0.34593314744894194     
   9.0750001352280378       0.95498763478391568       0.33415575364324984     
   9.0875001354143023       0.95916458176669772       0.32232507479124745     
   9.1000001356005669       0.96319364526162599       0.31044294786790816     
   9.1125001357868314       0.96707418216779939       0.29851121819896437     
   9.1250001359730959       0.97080557245088850       0.28653173917048175     
   9.1375001361593604       0.97438721924389027       0.27450637193715133     
   9.1500001363456249       0.97781854894423548       0.26243698512934588     
   9.1625001365318894       0.98109901130723498       0.25032545455898708     
   9.1750001367181540       0.98422807953584912       0.23817366292426972     
   9.1875001369044185       0.98720525036676576       0.22598349951328972     
   9.2000001370906830       0.99003004415277462       0.21375685990662308     
   9.2125001372769475       0.99270200494142269       0.20149564567890260     
   9.2250001374632120       0.99522070054994050       0.18920176409943987     
   9.2375001376494765       0.99758572263642509       0.17687712783193932     
   9.2500001378357410       0.99979668676727029       0.16452365463335256     
   9.2625001380220056        1.0018532324808320       0.15214326705192005     
   9.2750001382082701        1.0037550233473198       0.13973789212444820     
   9.2875001383945346        1.0055017470249037       0.12730946107286953     
   9.3000001385807991        1.0070931153120277       0.11485990900013396     
   9.3125001387670636        1.0085288641959238       0.10239117458547935     
   9.3250001389533281        1.0098087538973142        8.9905199779129419E-002
   9.3375001391395926        1.0109325689112993        7.7403929496467169E-002
   9.3500001393258572        1.0119001180444227        6.4889311311732339E-002
   9.3625001395121217        1.0127112344479059        5.2363295151291123E-002
   9.3750001396983862        1.0133657756470504        3.9827832986526701E-002
   9.3875001398846507        1.0138636235668006        2.7284878526399051E-002
   9.4000001400709152        1.0142046845534627        1.4736386909722593E-002
   9.4125001402571797        1.0143888893925790        2.1843143972103077E-003
   9.4250001404434443        1.0144161933229510       -1.0369381936667098E-002
   9.4375001406297088        1.0142865760468112       -2.2922744511958283E-002
   9.4500001408159733        1.0140000417361419       -3.5473815551595962E-002
   9.4625001410022378        1.0135566190351395       -4.8020637389800558E-002
   9.4750001411885023        1.0129563610588224       -6.0561252780474056E-002
   9.4875001413747668        1.0121993453877860       -7.3093705205535459E-002
   9.5000001415610313        1.0112856740591021       -8.5616039183149167E-002
   9.5125001417472959        1.0102154735533655       -9.8126300575797590E-002
   9.5250001419335604        1.0089888947778907      -0.11062253689814951     
   9.5375001421198249        1.0076061130460587      -0.12310279762467544     
   9.5500001423060894        1.0060673280528205      -0.13556513449696167     
   9.5625001424923539        1.0043727638463575      -0.14800760183067432     
   9.5750001426786184        1.0025226687959055      -0.16042825682212514     
   9.5875001428648829        1.0005173155557467      -0.17282515985439059     
   9.6000001430511475       0.99835700102537572      -0.18519637480293602     
   9.6125001432374120       0.99604204630584348      -0.19753996934069673     
   9.6250001434236765       0.99357279665229004      -0.20985401524256778     
   9.6375001436099410       0.99094962142266962      -0.22213658868925457     
   9.6500001437962055       0.98817291402267782      -0.23438577057043633     
   9.6625001439824700       0.98524309184688963      -0.24659964678719465     
   9.6750001441687346       0.98216059621611695      -0.25877630855365941     
   9.6875001443549991       0.97892589231099536      -0.27091385269782459     
   9.7000001445412636       0.97553946910181089      -0.28301038196148681     
   9.7125001447275281       0.97200183927457751      -0.29506400529925852     
   9.7250001449137926       0.96831353915337681      -0.30707283817660996     
   9.7375001451000571       0.96447512861897244      -0.31903500286689168     
   9.7500001452863216       0.96048719102371138      -0.33094862874729186     
   9.7625001454725862       0.95635033310272621      -0.34281185259368108     
   9.7750001456588507       0.95206518488145153      -0.35462281887429853     
   9.7875001458451152       0.94763239957946910      -0.36637968004223309     
   9.8000001460313797       0.94305265351069767      -0.37808059682665374     
   9.8125001462176442       0.93832664597994153      -0.38972373852274256     
   9.8250001464039087       0.93345509917581559      -0.40130728328028575     
   9.8375001465901732       0.92843875806006271      -0.41282941839087628     
   9.8500001467764378       0.92327839025328129      -0.42428834057368348     
   9.8625001469627023       0.91797478591708037      -0.43568225625974438     
   9.8750001471489668       0.91252875763268138      -0.44700938187473233     
   9.8875001473352313       0.90694114027598527      -0.45826794412015781     
   9.9000001475214958       0.90121279088912420      -0.46945618025295804     
   9.9125001477077603       0.89534458854851917      -0.48057233836343033     
   9.9250001478940248       0.88933743422946276      -0.49161467765146638     
   9.9375001480802894       0.88319225066724905      -0.50258146870104348     
   9.9500001482665539       0.87690998221487293      -0.51347099375292959     
   9.9625001484528184       0.87049159469731985      -0.52428154697555973     
   9.9750001486390829       0.86393807526247035      -0.53501143473404034     
   9.9875001488253474       0.85725043222864117      -0.54565897585723966     
   10.000000149011612       0.85042969492878873      -0.55622250190292266     
