   0.0000000000000000        0.0000000000000000        0.0000000000000000     
  0.15000000596046448        0.0000000000000000        0.0000000000000000     
  0.30000001192092896        0.0000000000000000      -0.14662952913027991     
  0.45000001788139343       -2.1994430243522087E-002  -6.2817372520918680E-002
  0.60000002384185791       -3.1417036496080603E-002   7.0472115043968386E-002
  0.75000002980232239       -2.0846218819438808E-002  -4.8034167618656684E-002
  0.90000003576278687       -2.8051344248543261E-002 -0.11077840613450043     
   1.0500000417232513       -4.4668105829009083E-002   5.3502405196840908E-002
   1.2000000476837158       -3.6642744730583765E-002   6.4773616184760283E-002
   1.3500000536441803       -2.6926701916788885E-002  -8.8212876086847067E-002
   1.5000000596046448       -4.0158633855605662E-002  -2.0819487704215767E-002
   1.6500000655651093       -4.3281557135331841E-002  0.11596290554725233     
   1.8000000715255737       -2.5887120612051211E-002   1.1281683276931076E-003
   1.9500000774860382       -2.5717895356172839E-002  -7.8976616266157859E-002
   2.1000000834465027       -3.7564388266833837E-002   7.5997295541006663E-002
   2.2500000894069672       -2.6164793482703657E-002   9.5336085476975391E-002
   2.4000000953674316       -1.1864380092909998E-002  -6.4892854487905799E-002
   2.5500001013278961       -2.1598308652887421E-002  -1.5306178015156005E-002
   2.7000001072883606       -2.3894235446392752E-002  0.12403145903268654     
   2.8500001132488251       -5.2895158522046661E-003   1.4528046984935025E-002
   3.0000001192092896       -3.1103087178705044E-003  -8.0826563113371969E-002
   3.1500001251697540       -1.5234293666640159E-002   6.5863232664050586E-002
   3.3000001311302185       -5.3548083744571120E-003   9.5702645438291128E-002
   3.4500001370906830        9.0005890117187751E-003  -6.7730538244584942E-002
   3.6000001430511475       -1.1589921286744333E-003  -3.3166278205774044E-002
   3.7500001490116119       -6.1339340572269634E-003  0.11100553561150849     
   3.9000001549720764        1.0516896946143862E-002   1.0909137479303402E-002
   4.0500001609325409        1.2153267633062900E-002  -9.5759968029160689E-002
   4.2000001668930054       -2.2107281420850923E-003   4.4762501905457372E-002
   4.3500001728534698        4.5036474105388160E-003   8.7879070354271865E-002
   4.5000001788139343        1.7685508487479674E-002  -7.4828288620371358E-002
   4.6500001847743988        6.4612647484126144E-003  -5.3002369332475346E-002
   4.8000001907348633       -1.4890909673774266E-003   9.7240765365815163E-002
   4.9500001966953278        1.3097024417094975E-002   9.2255193368853128E-003
   5.1000002026557922        1.4480852372616152E-002 -0.10633358400944204     
   5.2500002086162567       -1.4691858625977029E-003   2.8403878903941526E-002
   5.4000002145767212        2.7913961422938371E-003   8.5578907537065790E-002
   5.5500002205371857        1.5628232782943743E-002  -7.4443997611283952E-002
   5.7000002264976501        4.4616326975303478E-003  -6.4961031024139290E-002
   5.8500002324581146       -5.2825223432884632E-003   9.0602734338324123E-002
   6.0000002384185791        8.3078883474945343E-003   1.5385681028075054E-002
   6.1500002443790436        1.0615740593411598E-002 -0.10834189672974991     
   6.3000002503395081       -5.6355445618189153E-003   1.9400162065211127E-002
   6.4500002562999725       -2.7255201364032693E-003   8.9834151499641385E-002
   6.6000002622604370        1.0749603123996207E-002  -6.6880088490702982E-002
   6.7500002682209015        7.1758945175436767E-004  -7.0398481003941610E-002
   6.9000002741813660       -9.8421831184445190E-003   8.8734539764172032E-002
   7.0500002801418304        3.4679983750803573E-003   2.6156090717276495E-002
   7.2000002861022949        7.3914121385742814E-003 -0.10557493220973509     
   7.3500002920627594       -8.4448283221616148E-003   1.3560449405533373E-002
   7.5000002980232239       -6.4107608305050325E-003   9.6063078411132027E-002
   7.6500003039836884        7.9987015037453375E-003  -5.6898514385552337E-002
   7.8000003099441528       -5.3607599322908622E-004  -7.4015740473593120E-002
   7.9500003159046173       -1.1638437505436246E-002   8.6989609899663325E-002
   8.1000003218650818        1.4100044980117320E-003   3.6975244303511408E-002
   8.2500003278255463        6.9562913639280733E-003 -0.10228461125616489     
   8.4000003337860107       -8.3864009341604526E-003   7.0096302164402574E-003
   8.5500003397464752       -7.3349563599137621E-003  0.10066915610322474     
   8.7000003457069397        7.7654176556048778E-003  -4.7724938683272100E-002
   8.8500003516674042        6.0667656865126107E-004  -7.8524701271544137E-002
   9.0000003576278687       -1.1172029090124051E-002   8.3068865312750748E-002
   9.1500003635883331        1.2883012019175820E-003   4.5879030623288873E-002
   9.3000003695487976        8.1701560688712451E-003  -9.9969684710118523E-002
   9.4500003755092621       -6.8252972335122886E-003  -1.2887042083262884E-003
   9.6000003814697266       -7.0186028724425076E-003  0.10290425541092015     
   9.7500003874301910        8.4170360525526733E-003  -3.9803364889725232E-002
   9.9000003933906555        2.4465310818473458E-003  -8.3970673855904787E-002
   10.050000399351120       -1.0149070497042591E-002   7.7188101174938989E-002
