   0.0000000000000000        0.0000000000000000        0.0000000000000000     
  0.17499999701976776        0.0000000000000000        0.0000000000000000     
  0.34999999403953552        0.0000000000000000        3.0468923046421705E-002
  0.52499999105930328        5.3320614423193313E-003   8.5143975907049183E-002
  0.69999998807907104        2.0232256972304116E-002  0.15702294261082797     
  0.87499998509883881        4.7711271461234175E-002  0.23874137496313402     
   1.0499999821186066        8.9491011368277890E-002  0.32293227162488231     
   1.2249999791383743       0.14600415794021912       0.40255725866700559     
   1.3999999761581421       0.21645167700723097       0.47120003020977069     
   1.5749999731779099       0.29891168088965531       0.52331468259811043     
   1.7499999701976776       0.39049174878472537       0.55442352227899294     
   1.9249999672174454       0.48751586353123827       0.56126089135896706     
   2.0999999642372131       0.58573651784636971       0.54186148430077663     
   2.2749999612569809       0.68056227598413255       0.49559347703609147     
   2.4499999582767487       0.76729113298846485       0.42313851334328756     
   2.6249999552965164       0.84134037156248920       0.32642215537973540     
   2.7999999523162842       0.89846424778112910       0.20849977423206784     
   2.9749999493360519       0.93495170765036317        7.3404006820224826E-002
   3.1499999463558197       0.94779740862514150       -7.4039181627491513E-002
   3.3249999433755875       0.93484055206098449      -0.22841812762487368     
   3.4999999403953552       0.89486738040737068      -0.38395868370008002     
   3.6749999374151230       0.82767461190414271      -0.53475475813349294     
   3.8499999344348907       0.73409253082447479      -0.67499802033142509     
   4.0249999314546585       0.61596787927812624      -0.79919894782571921     
   4.1999999284744263       0.47610806579042386      -0.90239194562527614     
   4.3749999254941940       0.31818947799533814      -0.98031801936289875     
   4.5499999225139618       0.14663382752840623       -1.0295794031212602     
   4.7249999195337296       -3.3542564949428560E-002  -1.0477616001285970     
   4.8999999165534973      -0.21690084184936012       -1.0335194560356131     
   5.0749999135732651      -0.39776674357546438      -0.98662511463727220     
   5.2499999105930328      -0.57042613569661504      -0.90797696808252204     
   5.4249999076128006      -0.72932210240507422      -0.79956997112918793     
   5.5999999046325684      -0.86924684496977789      -0.66442890600497684     
   5.7749999016523361      -0.98552190154049635      -0.50650732684509103     
   5.9499998986721039       -1.0741606822288778      -0.33055594904111707     
   6.1249998956918716       -1.1320079723259397      -0.14196515113995054     
   6.2999998927116394       -1.1568518733523421        5.3412998686867219E-002
   6.4749998897314072       -1.1475045987413235       0.24945721222666448     
   6.6499998867511749       -1.1038495873450975       0.43997759101582318     
   6.8249998837709427       -1.0268535102285639       0.61891784318724619     
   6.9999998807907104      -0.91854288951531471       0.78055259859558257     
   7.1749998778104782      -0.78194618708731578       0.91967353618548087     
   7.3499998748302460      -0.62100332099569733        1.0317584497124155     
   7.5249998718500137      -0.44044559537090444        1.1131179651020666     
   7.6999998688697815      -0.24564995479539284        1.1610153656201105     
   7.8749998658895493       -4.2472269271968927E-002   1.1737558559176984     
   8.0499998629093170       0.16293500201556324        1.1507425755382372     
   8.2249998599290848       0.36431494930527464        1.0924977263643880     
   8.3999998569488525       0.55550204816314563        1.0006482745109204     
   8.5749998539686203       0.73061549322039243       0.87787679204903901     
   8.7499998509883881       0.88424392921269757       0.72783908433506450     
   8.9249998480081558        1.0116157668022043       0.55505127217588546     
   9.0999998450279236        1.1087497377788025       0.36474993402119160     
   9.2749998420476913        1.1725809751454714       0.16272973401002935     
   9.4499998390674591        1.2010586781122541       -4.4836357231277102E-002
   9.6249998360872269        1.1932123157304033      -0.25158862061038123     
   9.7999998331069946        1.1491843078733792      -0.45117795009256012     
   9.9749998301267624        1.0702281679517962      -0.63746287997659001     
   10.149999827146530       0.95867216585568038      -0.80470016642232856     
