   0.0000000000000000        0.0000000000000000        0.0000000000000000     
  0.12500000000000000        0.0000000000000000        0.0000000000000000     
  0.25000000000000000        0.0000000000000000       -7.1445164842792966E-002
  0.37500000000000000       -8.9306456053491207E-003   5.4735477859398515E-002
  0.50000000000000000       -2.0887108729243063E-003  -7.1966125861265343E-002
  0.62500000000000000       -1.1084476605582474E-002   1.8576708750147969E-002
  0.75000000000000000       -8.7623880118139780E-003   5.2162363697212596E-003
  0.87500000000000000       -8.1103584655988215E-003  -5.5237308732580835E-002
   1.0000000000000000       -1.5015022057171427E-002   6.5043994243750014E-002
   1.1250000000000000       -6.8845227767026750E-003  -6.4713580291180045E-002
   1.2500000000000000       -1.4973720313100181E-002   3.4557986639947177E-002
   1.3750000000000000       -1.0653971983106783E-002   7.3851033945335209E-003
   1.5000000000000000       -9.7308340587900933E-003  -4.1951678101478693E-002
   1.6250000000000000       -1.4974793821474930E-002   7.0871576485319707E-002
   1.7500000000000000       -6.1158467608099665E-003  -6.0924343590497823E-002
   1.8750000000000000       -1.3731389709622194E-002   4.5918833576430396E-002
   2.0000000000000000       -7.9915355125683950E-003   5.1145016291411841E-003
   2.1250000000000000       -7.3522228089257470E-003  -3.2627196773207502E-002
   2.2500000000000000       -1.1430622405576685E-002   7.1679933978974153E-002
   2.3750000000000000       -2.4706306582049156E-003  -6.0728914972029896E-002
   2.5000000000000000       -1.0061745029708653E-002   5.2800430833743667E-002
   2.6250000000000000       -3.4616911754906943E-003  -1.0146093179395146E-003
   2.7500000000000000       -3.5885173402331336E-003  -2.6535011973343420E-002
   2.8750000000000000       -6.9053938369010616E-003   6.8503411584999507E-002
   3.0000000000000000        1.6575326112238768E-003  -6.2906199968040866E-002
   3.1250000000000000       -6.2057423847812314E-003   5.6499466401630991E-002
   3.2500000000000000        8.5669091542264243E-004  -9.4717217028934819E-003
   3.3750000000000000       -3.2727429743904281E-004  -2.2195120840947481E-002
   3.5000000000000000       -3.1016644025574779E-003   6.2952545625168610E-002
   3.6250000000000000        4.7674038005885988E-003  -6.5845724969843367E-002
   3.7500000000000000       -3.4633118206418220E-003   5.8552150236217418E-002
   3.8750000000000000        3.8557069588853552E-003  -1.8639128199022401E-002
   4.0000000000000000        1.5258159340075551E-003  -1.8175149415547140E-002
   4.1250000000000000       -7.4607774293583735E-004   5.6482415296184585E-002
   4.2500000000000000        6.3142241690872358E-003  -6.8207163071784108E-002
   4.3750000000000000       -2.2116712148857777E-003   6.0149713518847445E-002
   4.5000000000000000        5.3070429749701529E-003  -2.7322170383515615E-002
   4.6250000000000000        1.8917716770307010E-003  -1.3524193694447253E-002
   4.7500000000000000        2.0124746522479434E-004   5.0031549602487471E-002
   4.8750000000000000        6.4551911655357282E-003  -6.9209882360189962E-002
   5.0000000000000000       -2.1960441294880170E-003   6.1917361133658644E-002
   5.1250000000000000        5.5436260122193135E-003  -3.4907357195508262E-002
   5.2500000000000000        1.1802063627807807E-003  -7.8701619736872008E-003
   5.3750000000000000        1.9643611606988062E-004   4.3978060207571022E-002
   5.5000000000000000        5.6936936420162584E-003  -6.8627191982119140E-002
   5.6250000000000000       -2.8847053557486341E-003   6.3964155241630072E-002
   5.7500000000000000        5.1108140494551249E-003  -4.1275309440011176E-002
   5.8750000000000000       -4.8599630546272178E-005  -1.2987809718273471E-003
   6.0000000000000000       -2.1094725202469057E-004   3.8286724806382302E-002
   6.1250000000000000        4.5748933487730972E-003  -6.6616826854641209E-002
   6.2500000000000000       -3.7522100080570539E-003   6.6069654607841144E-002
   6.3750000000000000        4.5064968179230891E-003  -4.6602942141987444E-002
   6.5000000000000000       -1.3188709498253414E-003   5.8531903339487726E-003
   6.6250000000000000       -5.8722215808174483E-004   3.2718233910191297E-002
   6.7500000000000000        3.5025570806921673E-003  -6.3511114702844443E-002
   6.8750000000000000       -4.4363322571633881E-003   6.7890555822405732E-002
   7.0000000000000000        4.0499872206373284E-003  -5.1163844748988677E-002
   7.1250000000000000       -2.3454933729862562E-003   1.3190202234900111E-002
   7.2500000000000000       -6.9671809362374226E-004   2.7009534546113521E-002
   7.3750000000000000        2.6794737246404478E-003  -5.9648229017161450E-002
   7.5000000000000000       -4.7765549025047330E-003   6.9115815091867830E-002
   7.6250000000000000        3.8629219839787458E-003  -5.5188452182368231E-002
   7.7500000000000000       -3.0356345388172831E-003   2.0383803235018913E-002
   7.8750000000000000       -4.8765913443991893E-004   2.0983010241250398E-002
   8.0000000000000000        2.1352171457163808E-003  -5.5277643160676078E-002
   8.1250000000000000       -4.7744882493681289E-003   6.9545804456333488E-002
   8.2500000000000000        3.9187373076735570E-003  -5.8800342736430256E-002
   8.3750000000000000       -3.4313055343802249E-003   2.7223300291824279E-002
   8.5000000000000000       -2.8392997902190048E-005   1.4582426855588202E-002
   8.6250000000000000        1.7944103590463352E-003  -5.0535781742183920E-002
   8.7500000000000000       -4.5225623587266551E-003   6.9104862401206280E-002
   8.8750000000000000        4.1155454414241299E-003  -6.2014673784025948E-002
   9.0000000000000000       -3.6362887815791136E-003   3.3609066577340183E-002
   9.1250000000000000        5.6484454058840922E-004   7.8567260439686218E-003
   9.2500000000000000        1.5469352960844869E-003  -4.5468282422978928E-002
   9.3750000000000000       -4.1366000067878791E-003   6.7812698995651052E-002
   9.5000000000000000        4.3399873676685024E-003  -6.4772021764427326E-002
   9.6250000000000000       -3.7565153528849133E-003   3.9515931311221483E-002
   9.7500000000000000        1.1829760610177721E-003   9.1931902170627050E-004
   9.8750000000000000        1.2978909387310559E-003  -4.0071474732553278E-002
   10.000000000000000       -3.7110434028381038E-003   6.5741402820560485E-002
   10.125000000000000        4.5066319497319568E-003  -6.6981872094298511E-002
