   0.0000000000000000        0.0000000000000000        0.0000000000000000     
   2.5000000372529030E-002   0.0000000000000000        0.0000000000000000     
   5.0000000745058060E-002   0.0000000000000000        6.2493491649037952E-004
   7.5000001117587090E-002   1.5623373145065888E-005   1.8587908123341369E-003
  0.10000000149011612        6.2093144145872854E-005   3.6851731945920672E-003
  0.12500000186264515        1.5422247538350852E-004   6.0873270251559971E-003
  0.15000000223517418        3.0640565328011451E-004   9.0481567125958052E-003
  0.17500000260770321        5.3260957446571065E-004   1.2550246072725976E-002
  0.20000000298023224        8.4636573095919103E-004   1.6575878245569539E-002
  0.22500000335276127        1.2607626932734253E-003   2.1107055556573304E-002
  0.25000000372529030        1.7884390900507487E-003   2.6125519310108009E-002
  0.27500000409781933        2.4415770825359632E-003   3.1612769503470514E-002
  0.30000000447034836        3.2318963318994005E-003   3.7550084449792173E-002
  0.32500000484287739        4.1706484571327014E-003   4.3918540298447932E-002
  0.35000000521540642        5.2686119809548307E-003   5.0699030441754521E-002
  0.37500000558793545        6.5360877608855545E-003   5.7872284796943153E-002
  0.40000000596046448        7.9828949023682400E-003   6.5418888952592208E-002
  0.42500000633299351        9.6183671505534803E-003   7.3319303168908584E-002
  0.45000000670552254        1.1451349757089764E-002   8.1553881221452490E-002
  0.47500000707805157        1.3490196818007264E-002   9.0102889078109039E-002
  0.50000000745058060        1.5742769078525932E-002   9.8946523399321931E-002
  0.52500000782310963        1.8216432200369434E-002  0.10806492985181815     
  0.55000000819563866        2.0918055486922212E-002  0.11743822122626943     
  0.57500000856816769        2.3854011061328093E-002  0.12704649534955512     
  0.60000000894069672        2.7030173492395480E-002  0.13686985278251204     
  0.62500000931322575        3.0451919862946274E-002  0.14688841429428032     
  0.65000000968575478        3.4124130275023479E-002  0.15708233810457956     
  0.67500001005828381        3.8051188786155696E-002  0.16743183688547683     
  0.70000001043081284        4.2236984770665835E-002  0.17791719451443683     
  0.72500001080334187        4.6684914699806075E-002  0.18851878257067564     
  0.75000001117587090        5.1397884334301688E-002  0.19921707656707172     
  0.77500001154839993        5.6378311322692623E-002  0.20999267191012111     
  0.80000001192092896        6.1628128198674019E-002  0.22082629958065997     
  0.82500001229345798        6.7148785770454730E-002  0.23169884152831297     
  0.85000001266598701        7.2941256894977102E-002  0.24259134577286448     
  0.87500001303851604        7.9006040629671037E-002  0.25348504120598792     
  0.90000001341104507        8.5343166754251271E-002  0.26436135208700795     
  0.92500001378357410        9.1952200654908750E-002  0.27520191222661144     
  0.95000001415610313        9.8832248563094735E-002  0.28598857885266343     
  0.97500001452863216       0.10598196314095037       0.29670344615252692     
   1.0000000149011612       0.11339954940529419       0.30732885848652752     
   1.0250000152736902       0.12108277098194629       0.31784742326744653     
   1.0500000156462193       0.12902895668203984       0.32824202350116954     
   1.0750000160187483       0.13723500739184877       0.33849582998386102     
   1.1000000163912773       0.14569740326754482       0.34859231315127820     
   1.1250000167638063       0.15441221122618753       0.35851525457608235     
   1.1500000171363354       0.16337509272414694       0.36824875810924745     
   1.1750000175088644       0.17258131181406147       0.37777726066191081     
   1.2000000178813934       0.18202574347134223       0.38708554262425204     
   1.2250000182539225       0.19170288218114914       0.39615873791823053     
   1.2500000186264515       0.20160685077668553       0.40498234368125213     
   1.2750000189989805       0.21173140951958450       0.41354222957807901     
   1.3000000193715096       0.22206996541309296       0.42182464673853559     
   1.3250000197440386       0.23261558173869828       0.42981623631880506     
   1.3500000201165676       0.24336098780678744       0.43750403768434915     
   1.3750000204890966       0.25429858891187912       0.44487549621272204     
   1.4000000208616257       0.26542047648292622       0.45191847071478708     
   1.4250000212341547       0.27671843841914862       0.45862124047307956     
   1.4500000216066837       0.28818396960182535       0.46497251189629518     
   1.4750000219792128       0.29980828257244851       0.47096142478911523     
   1.5000000223517418       0.31158231836762318       0.47657755823681291     
   1.5250000227242708       0.32349675750108248       0.48181093610431425     
   1.5500000230967999       0.33554203108317887       0.48665203214961683     
   1.5750000234693289       0.34770833206821128       0.49109177475169552     
   1.6000000238418579       0.35998562661994959       0.49512155125324986     
   1.6250000242143869       0.37236366558572798       0.49873321191887116     
   1.6500000245869160       0.38483199606949237       0.50191907350942833     
   1.6750000249594450       0.39737997309420747       0.50467192247369042     
   1.7000000253319740       0.40999677134405466       0.50698501775842120     
   1.7250000257045031       0.42267139697688183       0.50885209323839542     
   1.7500000260770321       0.43539269949740389       0.51026735976799931     
   1.7750000264495611       0.44814938368169327       0.51122550685628698     
   1.8000000268220901       0.46093002154354679       0.51172170396757277     
   1.8250000271946192       0.47372306433336731       0.51175160144984433     
   1.8500000275671482       0.48651685456025573       0.51131133109348215     
   1.8750000279396772       0.49929963802807109       0.51039750632297320     
   1.9000000283122063       0.51205957587628326       0.50900722202450088     
   1.9250000286847353       0.52478475661651580       0.50713805401248779     
   1.9500000290572643       0.53746320815575166       0.50478805813836036     
   1.9750000294297934       0.55008290979725882       0.50195576904498884     
   2.0000000298023224       0.56263180421037662       0.49864019857044506     
   2.0250000301748514       0.57509780936039567       0.49484083380489807     
   2.0500000305473804       0.58746883038986075       0.49055763480464876     
   2.0750000309199095       0.59973277144272397       0.48579103196747841     
   2.1000000312924385       0.61187754742288214       0.48054192307365778     
   2.1250000316649675       0.62389109567873935       0.47481166999713204     
   2.1500000320374966       0.63576138760554879       0.46860209509156153     
   2.1750000324100256       0.64747644015740569       0.46191547725605858     
   2.2000000327825546       0.65902432726088411       0.45475454768561996     
   2.2250000331550837       0.67039319112243390       0.44712248531140625     
   2.2500000335276127       0.68157125342178515       0.43902291193617171     
   2.2750000339001417       0.69254682638373821       0.43045988707029276     
   2.3000000342726707       0.70330832372085439       0.42143790247398721     
   2.3250000346451998       0.71384427143970197       0.41196187641145393     
   2.3500000350177288       0.72414331850345603       0.40203714762279796     
   2.3750000353902578       0.73419424734379646       0.39166946901973687     
   2.4000000357627869       0.74398598421519813       0.38086500111121019     
   2.4250000361353159       0.75350760938486161       0.36963030516513740     
   2.4500000365078449       0.76274836715168803       0.35797233611268747     
   2.4750000368803740       0.77169767568786030       0.34589843520153846     
   2.5000000372529030       0.78034513669675598       0.33341632240471414     
   2.5250000376254320       0.78868054488108108       0.32053408859169291     
   2.5500000379979610       0.79669389721528161       0.30726018746858369     
   2.5750000383704901       0.80437540201645952       0.29360342729426236     
   2.6000000387430191       0.81171548780819192       0.27957296237945478     
   2.6250000391155481       0.81870481197182732       0.26517828437584134     
   2.6500000394880772       0.82533426918000996       0.25042921336234231     
   2.6750000398606062       0.83159499960736072       0.23533588873582284     
   2.7000000402331352       0.83747839691342574       0.21990875991353287     
   2.7250000406056643       0.84297611599318645       0.20415857685466721     
   2.7500000409781933       0.84808008049060812       0.18809638040849844     
   2.7750000413507223       0.85278249007089191       0.17173349249659700     
   2.8000000417232513       0.85707582744728250       0.15508150613671071     
   2.8250000420957804       0.86095286515847258       0.13815227531592880     
   2.8500000424683094       0.86440667209283650       0.12095790472080452     
   2.8750000428408384       0.86743061975591695       0.10351073933215396     
   2.9000000432133675       0.87001838827778155        8.5823353892288901E-002
   2.9250000435858965       0.87216397215706043        6.7908542252475904E-002
   2.9500000439584255       0.87386168573867018        4.9779306608444804E-002
   2.9750000443309546       0.87510616842242550        3.1448846631795396E-002
   3.0000000447034836       0.87589238959993598        1.2930548505172643E-002
   3.0250000450760126       0.87621565331738227       -5.7620261309022890E-003
   3.0500000454485416       0.87607160266196316       -2.4615151311645777E-002
   3.0750000458210707       0.87545622387000210       -4.3614947954162722E-002
   3.1000000461935997       0.87436585015490020       -6.2747395128224082E-002
   3.1250000465661287       0.87279716525331941       -8.1998341383761400E-002
   3.1500000469386578       0.87074720668817862      -0.10135351612717419     
   3.1750000473111868       0.86821336874724209      -0.12079854103855645     
   3.2000000476837158       0.86519340517627719      -0.14031894152196264     
   3.2250000480562449       0.86168543158595523      -0.15990015818085296     
   3.2500000484287739       0.85768792757186640      -0.17952755831088038     
   3.2750000488013029       0.85319973854721520      -0.19918644740221003     
   3.3000000491738319       0.84822007728795723      -0.21886208064359355     
   3.3250000495463610       0.84274852519033494      -0.23853967442045695     
   3.3500000499188900       0.83678503324096054      -0.25820441779930137     
   3.3750000502914190       0.83032992269978934      -0.27784148399076114     
   3.4000000506639481       0.82338388549651631      -0.29743604178371191     
   3.4250000510364771       0.81594798434111993      -0.31697326694287548     
   3.4500000514090061       0.80802365254946629      -0.33643835356242491     
   3.4750000517815351       0.79961269358507259      -0.35581652536815483     
   3.5000000521540642       0.79071728031831678      -0.37509304696084755     
   3.5250000525265932       0.78133995400456258      -0.39425323499353437     
   3.5500000528991222       0.77148362298285345      -0.41328246927542572     
   3.5750000532716513       0.76115156109700810      -0.43216620379536019     
   3.6000000536441803       0.75034740584112969      -0.45088997765770372     
   3.6250000540167093       0.73907515623171749      -0.46943942592371574     
   3.6500000543892384       0.72733917040874474      -0.48780029035148609     
   3.6750000547617674       0.71514416296823780      -0.50595843002764085     
   3.7000000551342964       0.70249520202906257      -0.52389983188410860     
   3.7250000555068254       0.68939770603679196      -0.54161062109334102     
   3.7500000558793545       0.67585744030769279      -0.55907707133548090     
   3.7750000562518835       0.66188051331603337      -0.57628561493108021     
   3.8000000566244125       0.64747337272807326      -0.59322285283307907     
   3.8250000569969416       0.63264280118625360      -0.60987556447186864     
   3.8500000573694706       0.61739591184726050      -0.62623071744737868     
   3.8750000577419996       0.60174014367778694      -0.64227547706224852     
   3.9000000581145287       0.58568325651196451      -0.65799721569026270     
   3.9250000584870577       0.56923332587458486      -0.67338352197435869     
   3.9500000588595867       0.55239873757437097      -0.68842220984864133     
   3.9750000592321157       0.53518818207169772      -0.70310132737896924     
   4.0000000596046448       0.51761064862529782      -0.71740916541681432     
   4.0250000599771738       0.49967541922262171      -0.73133426606122964     
   4.0500000603497028       0.48139206229864773      -0.74486543092390156     
   4.0750000607222319       0.46277042624806619      -0.75799172919240243     
   4.1000000610947609       0.44382063273588218      -0.77070250548690522     
   4.1250000614672899       0.42455306981160051      -0.78298738750576713     
   4.1500000618398190       0.40497838483227078      -0.79483629345553830     
   4.1750000622123480       0.38510747719978272      -0.80623943926110120     
   4.2000000625848770       0.36495149091790757      -0.81718734555180139     
   4.2250000629574060       0.34452180697468654      -0.82767084441958283     
   4.2500000633299351       0.32383003555586554      -0.83768108594529922     
   4.2750000637024641       0.30288800809517252      -0.84720954448953034     
   4.3000000640749931       0.28170776916732410      -0.85624802474439288     
   4.3250000644475222       0.26030156822973705      -0.86478866754299810     
   4.3500000648200512       0.23868185121900320      -0.87282395542336955     
   4.3750000651925802       0.21686125200826670      -0.88034671794380182     
   4.4000000655651093       0.19485258373171693      -0.88735013674680485     
   4.4250000659376383       0.17266882998248312      -0.89382775036894735     
   4.4500000663101673       0.15032313589028265      -0.89977345879407988     
   4.4750000666826963       0.12782879908523892      -0.90518152774758975     
   4.5000000670552254       0.10519926055434278      -0.91004659272950772     
   4.5250000674277544        8.2448095397086307E-002 -0.91436366278445935     
   4.5500000678002834        5.9589003486847814E-002 -0.91812812400662602     
   4.5750000681728125        3.6635800044652785E-002 -0.92133574277805197     
   4.6000000685453415        1.3602406131977177E-002 -0.92398266873880852     
   4.6250000689178705       -9.4971609307034043E-003 -0.92606543748769832     
   4.6500000692903996       -3.2648797212882122E-002 -0.92758097301235842     
   4.6750000696629286       -5.5838321883741923E-002 -0.92852658984779401     
   4.7000000700354576       -7.9051486975839885E-002 -0.92889999496254849     
   4.7250000704079866      -0.10227398719594581      -0.92869928937189161     
   4.7500000707805157      -0.12549146977621056      -0.92792296947758024     
   4.7750000711530447      -0.14868954435882831      -0.92656992813392047     
   4.8000000715255737      -0.17185379290735051      -0.92463945544003479     
   4.8250000718981028      -0.19496977963780643      -0.92213123925841045     
   4.8500000722706318      -0.21802306096278734      -0.91904536545997861     
   4.8750000726431608      -0.24099919544165788      -0.91538231789614666     
   4.9000000730156898      -0.26388375373006800      -0.91114297809837674     
   4.9250000733882189      -0.28666232852195461      -0.90632862470607622     
   4.9500000737607479      -0.30932054447724022      -0.90094093262373476     
   4.9750000741332769      -0.33184406812846023      -0.89498197190841267     
   5.0000000745058060      -0.35421861775957730      -0.88845420638885231     
   5.0250000748783350      -0.37642997325027361      -0.88136049201765343     
   5.0500000752508640      -0.39846398587904730      -0.87370407495811619     
   5.0750000756233931      -0.42030658807848031      -0.86548858940752349     
   5.1000000759959221      -0.44194380313608805      -0.85671805515879362     
   5.1250000763684511      -0.46336175483421022      -0.84739687490259918     
   5.1500000767409801      -0.48454667702245513      -0.83752983127220593     
   5.1750000771135092      -0.50548492311626447      -0.82712208363344319     
   5.2000000774860382      -0.52616297551522750      -0.81617916462237650     
   5.2250000778585672      -0.54656745493483738      -0.80470697643340372     
   5.2500000782310963      -0.56668512964544915      -0.79271178686065225     
   5.2750000786036253      -0.58650292461227360      -0.78020022509570242     
   5.3000000789761543      -0.60600793053031343      -0.76717927728481228     
   5.3250000793486834      -0.62518741274823031      -0.75365628184896449     
   5.3500000797212124      -0.64402882007521323      -0.73963892457019909     
   5.3750000800937414      -0.66251979346500522      -0.72513523344783959     
   5.4000000804662704      -0.68064817457133509      -0.71015357332835516     
   5.4250000808387995      -0.69840201416909675      -0.69470264031274143     
   5.4500000812113285      -0.71576958043571215      -0.67879145594543477     
   5.4750000815838575      -0.73273936708721754      -0.66242936118890450     
   5.5000000819563866      -0.74930010136371428      -0.64562601018819910     
   5.5250000823289156      -0.76544075185893368      -0.62839136382984440     
   5.5500000827014446      -0.78115053618877384      -0.61073568309961668     
   5.5750000830739737      -0.79641892849378104      -0.59266952224383129     
   5.6000000834465027      -0.81123566677066339      -0.57420372173890555     
   5.6250000838190317      -0.82559076002804355      -0.55534940107406650     
   5.6500000841915607      -0.83947449526177897      -0.53611795135218521     
   5.6750000845640898      -0.85287744424530310      -0.51652102771382546     
   5.7000000849366188      -0.86579047013056776      -0.49657054158969882     
   5.7250000853091478      -0.87820473385529718      -0.47627865278681830     
   5.7500000856816769      -0.89011170035239529      -0.45565776141373887     
   5.7750000860542059      -0.90150314455748448      -0.43472049965036719     
   5.8000000864267349      -0.91237115721068962      -0.41347972336791255     
   5.8250000867992640      -0.92270815044892063      -0.39194850360463718     
   5.8500000871717930      -0.93250686318504872      -0.37014011790314627     
   5.8750000875443220      -0.94176036627051529      -0.34806804151503778     
   5.9000000879168510      -0.95046206743805672      -0.32574593847880701     
   5.9250000882893801      -0.95860571602137667      -0.30318765257697206     
   5.9500000886619091      -0.96618540744874715      -0.28040719817845466     
   5.9750000890344381      -0.97319558750766832      -0.25741875097231404     
   6.0000000894069672      -0.97963105637787218      -0.23423663859899235     
   6.0250000897794962      -0.98548697243010697      -0.21087533118528543     
   6.0500000901520252      -0.99075885578829626      -0.18734943178930571     
   6.0750000905245543      -0.99544259165282201      -0.16367366676175191     
   6.1000000908970833      -0.99953443338283898      -0.13986287602984443     
   6.1250000912696123       -1.0030310053356881      -0.11593200331032610     
   6.1500000916421413       -1.0059293054616343       -9.1896086257963971E-002
   6.1750000920146704       -1.0082267076523173       -6.7770246556020083E-002
   6.2000000923871994       -1.0099209638414641       -4.3569679955187568E-002
   6.2250000927597284       -1.0110102058565749       -1.9309646267512678E-002
   6.2500000931322575       -1.0114929470204561        4.9945406781567413E-003
   6.2750000935047865       -1.0113680835016416        2.9327523112639510E-002
   6.3000000938773155       -1.0106348954129003        5.3673909428237486E-002
   6.3250000942498446       -1.0092930476571993        7.8018284299323365E-002
   6.3500000946223736       -1.0073425905206521       0.10234521881511952     
   6.3750000949949026       -1.0047839600121475       0.12663928061808757     
   6.4000000953674316       -1.0016179779495185       0.15088504404135311     
   6.4250000957399607      -0.99784585179227558       0.17506710023859764     
   6.4500000961124897      -0.99346917422109304       0.19917006729986322     
   6.4750000964850187      -0.98848992246439982       0.22317860034673090     
   6.5000000968575478      -0.98291045737259108       0.24707740160035518     
   6.5250000972300768      -0.97673352224053867       0.27085123041586118     
   6.5500000976026058      -0.96996224137924214       0.29448491327663912     
   6.5750000979751348      -0.96260011843762194       0.31796335374210460     
   6.6000000983476639      -0.95465103447561872       0.34127154234252810     
   6.6250000987201929      -0.94611924578992201       0.36439456641457857     
   6.6500000990927219      -0.93700938149380997       0.38731761987127000     
   6.6750000994652510      -0.92732644085274119       0.41002601290004803     
   6.7000000998377800      -0.91707579037749343       0.43250518158280554     
   6.7250001002103090      -0.90626316067680257       0.45474069743167223     
   6.7500001005828381      -0.89489464307160671       0.47671827683448287     
   6.7750001009553671      -0.88297668597315326       0.49842379040389151     
   6.8000001013278961      -0.87051609102737859       0.51984327222416715     
   6.8250001017004251      -0.85752000902811765       0.54096292898977549     
   6.8500001020729542      -0.84399593560184882       0.56176914902992725     
   6.8750001024454832      -0.82995170666682527       0.58224851121335019     
   6.9000001028180122      -0.81539549366958708       0.60238779372762286     
   6.9250001031905413      -0.80033579860198956       0.62217398272749491     
   6.9500001035630703      -0.78478144880202427       0.64159428084670400     
   6.9750001039355993      -0.76874159154184418       0.66063611556789337     
   7.0000001043081284      -0.75222568840654069       0.67928714744532714     
   7.0250001046806574      -0.73524350946735328       0.69753527817519878     
   7.0500001050531864      -0.71780512725312118       0.71536865850843012     
   7.0750001054257154      -0.69992091052391481       0.73277569600096060     
   7.1000001057982445      -0.68160151785091061       0.74974506259663576     
   7.1250001061707735      -0.66285789100669290       0.76626570203791200     
   7.1500001065433025      -0.64370124817028884       0.78232683709970963     
   7.1750001069158316      -0.62414307695135662       0.79791797664186015     
   7.2000001072883606      -0.60419512723806246       0.81302892247571401     
   7.2250001076608896      -0.58386940387329278       0.82764977604059453     
   7.2500001080334187      -0.56317815916395431       0.84177094488590931     
   7.2750001084059477      -0.54213388522822248       0.85538314895485534     
   7.3000001087784767      -0.52074930618569604       0.86847742666578298     
   7.3250001091510057      -0.49903737019551841       0.88104514078741614     
   7.3500001095235348      -0.47701124134761813       0.89307798410425721     
   7.3750001098960638      -0.45468429141231420       0.90456798486864398     
   7.4000001102685928      -0.43207009145362024       0.91550751203605962     
   7.4250001106411219      -0.40918240331166561       0.92588928028043949     
   7.4500001110136509      -0.38603517095973400       0.93570635478635877     
   7.4750001113861799      -0.36264251174149725       0.94495215581512870     
   7.5000001117587090      -0.33901870749409690       0.95362046304197345     
   7.5250001121312380      -0.31517819556279625       0.96170541966160794     
   7.5500001125037670      -0.29113555971299288       0.96920153625968453     
   7.5750001128762960      -0.26690552094544506       0.97610369444772549     
   7.6000001132488251      -0.24250292822062497       0.98240715025931125     
   7.6250001136213541      -0.21794274909816699       0.98810753730544554     
   7.6500001139938831      -0.19324006029743213       0.99320086968717214     
   7.6750001143664122      -0.16841003818525666       0.99768354466367415     
   7.7000001147389412      -0.14346794919699871        1.0015523450742405     
   7.7250001151114702      -0.11842914019703538        1.0048044415126431     
   7.7500001154839993       -9.3309028784900466E-002   1.0074373942526245     
   7.7750001158565283       -6.8123093553285177E-002   1.0094491549233529     
   7.8000001162290573       -4.2886864304152242E-002   1.0108380679338635     
   7.8250001166015863       -1.7615912229239129E-002   1.0116028716456620     
   7.8500001169741154        7.6741599387538557E-003   1.0117426992928236     
   7.8750001173466444        3.2967727797977971E-002   1.0112570796490894     
   7.9000001177191734        5.8249155165927824E-002   1.0101459374416102     
   7.9250001180917025        8.3502803978276766E-002   1.0084095935111590     
   7.9500001184642315       0.10871304419171759        1.0060487647187877     
   7.9750001188367605       0.13386426368446966        1.0030645635990656     
   8.0000001192092896       0.15894087814811697       0.99945849776019691     
   8.0250001195818186       0.18392734096444921       0.99523246903147677     
   8.0500001199543476       0.20880815306098913       0.99038877235870049     
   8.0750001203268766       0.23356787273890520       0.98493009444830326     
   8.1000001206994057       0.25819112546702783       0.97885951216116474     
   8.1250001210719347       0.28266261363571055       0.97218049065717083     
   8.1500001214444637       0.30696712626430528       0.96489688129178153     
   8.1750001218169928       0.33108954865605189       0.95701291926601029     
   8.2000001221895218       0.35501487199421722       0.94853322103137583     
   8.2250001225620508       0.37872820287335779       0.93946278145154083     
   8.2500001229345798       0.40221477275962347       0.92980697072250484     
   8.2750001233071089       0.42545994737406617       0.91957153105337097     
   8.3000001236796379       0.44844923599296754       0.90876257310985631     
   8.3250001240521669       0.47116830065925441       0.89738657222286400     
   8.3500001244246960       0.49360296529912856       0.88545036436458324     
   8.3750001247972250       0.51573922473809908       0.87296114189472951     
   8.4000001251697540       0.53756325361067070       0.85992644907968041     
   8.4250001255422831       0.55906141515801022       0.84635417738740504     
   8.4500001259148121       0.58022026990798681       0.83225256056122621     
   8.4750001262873411       0.60102658423205568       0.81763016947559197     
   8.5000001266598701       0.62146733877353644       0.80249590677716998     
   8.5250001270323992       0.64152973674191871       0.78685900131471265     
   8.5500001274049282       0.66120121206791438       0.77072900236127240     
   8.5750001277774572       0.68046943741406507       0.75411577363247662     
   8.6000001281499863       0.69932233203580696       0.73702948710469951     
   8.6250001285225153       0.71774806948798930       0.71948061663709184     
   8.6500001288950443       0.73573508517194397       0.70147993140155296     
   8.6750001292675734       0.75327208371830445       0.68303848912484932     
   8.7000001296401024       0.77034804620087738       0.66416762914719973     
   8.7250001300126314       0.78695223717697904       0.64487896530176303     
   8.7500001303851604       0.80307421154975922       0.62518437861957499     
   8.7750001307576895       0.81870382124814789       0.60509600986458900     
   8.8000001311302185       0.83383122172017843       0.58462625190358308     
   8.8250001315027475       0.84844687823555831       0.56378774191579484     
   8.8500001318752766       0.86254157199348047       0.54259335344724935     
   8.8750001322478056       0.87610640603179346       0.52105618831483846     
   8.9000001326203346       0.88913281093377294       0.49918956836530448     
   8.9250001329928637       0.90161255032886811       0.47700702709437126     
   8.9500001333653927       0.91353772618392637       0.45452230113135172     
   8.9750001337379217       0.92490078388153296       0.43174932159464441     
   9.0000001341104507       0.93569451708223828       0.40870220532361123     
   9.0250001344829798       0.94591207236758201       0.38539524599240582     
   9.0500001348555088       0.95554695366096309       0.36184290511139328     
   9.0750001352280378       0.96459302642354494       0.33805980292187265     
   9.1000001356005669       0.97304452162252886       0.31406070918987883     
   9.1250001359730959       0.98089603946927251       0.28986053390490196     
   9.1500001363456249       0.98814255292487652       0.26547431788942188     
   9.1750001367181540       0.99477941097100897       0.24091722332520890     
   9.2000001370906830        1.0008023416438878       0.21620452420239367     
   9.2250001374632120        1.0062074548294901       0.19135159669735582     
   9.2500001378357410        1.0109912448182081       0.16637390948552430     
   9.2750001382082701        1.0151505926173254       0.14128701399522198     
   9.3000001385807991        1.0186827680198396       0.11610653460872288     
   9.3250001389533281        1.0215854314283108        9.0848158816721758E-002
   9.3500001393258572        1.0238566354325724        6.5527627332444091E-002
   9.3750001396983862        1.0254948261402945        4.0160724171648177E-002
   9.4000001400709152        1.0264988442595468        1.4763266704791302E-002
   9.4250001404434443        1.0268679259326663       -1.0648904312352041E-002
   9.4500001408159733        1.0266017033208905       -3.6059934723319670E-002
   9.4750001411885023        1.0257002049393742       -6.1453966964530621E-002
   9.5000001415610313        1.0241638557423676       -8.6815150061480689E-002
   9.5250001419335604        1.0219934769584893      -0.11212764962125168     
   9.5500001423060894        1.0191902856761872      -0.13737565781502484     
   9.5750001426786184        1.0157558941796352      -0.16254340334429696     
   9.6000001430511475        1.0116923090354757      -0.18761516138450859     
   9.6250001434236765        1.0070019299309709      -0.21257526349980993     
   9.6500001437962055        1.0016875482642853      -0.23740810752270849     
   9.6750001441687346       0.99575234548777614      -0.26209816739236719     
   9.7000001445412636       0.98919989120532781      -0.28663000294534724     
   9.7250001449137926       0.98203414102491615      -0.31098826965262261     
   9.7500001452863216       0.97425943416774841      -0.33515772829672696     
   9.7750001456588507       0.96588049083547423      -0.35912325458293304     
   9.8000001460313797       0.95690240933711701      -0.38286984867840695     
   9.8250001464039087       0.94733066297752666      -0.40638264467332658     
   9.8500001467764378       0.93717109670930421      -0.42964691995800275     
   9.8750001471489668       0.92642992355029818      -0.45264810451009635     
   9.9000001475214958       0.91511372076892117      -0.47537179008608171     
   9.9250001478940248       0.90322942583967936      -0.49780373931116789     
   9.9500001482665539       0.89078433217145381      -0.51992989466195449     
   9.9750001486390829       0.87778608461121599      -0.54173638733616625     
   10.000000149011612       0.86424267472599925      -0.56320954600388395     
