   0.0000000000000000        0.0000000000000000        0.0000000000000000     
  0.12500000000000000        0.0000000000000000        0.0000000000000000     
  0.25000000000000000        0.0000000000000000        1.5584341673153462E-002
  0.37500000000000000        1.9480427091441827E-003   4.4561793870824651E-002
  0.50000000000000000        7.5182669429972645E-003   8.4532130434084501E-002
  0.62500000000000000        1.8084783247257825E-002  0.13295402308747467     
  0.75000000000000000        3.4704036133192159E-002  0.18721133141319088     
  0.87500000000000000        5.8105452559841023E-002  0.24467675547280976     
   1.0000000000000000        8.8690046993942243E-002  0.30277191724823183     
   1.1250000000000000       0.12653653664997122       0.35902304481894715     
   1.2500000000000000       0.17141441725233961       0.41111154639771924     
   1.3750000000000000       0.22280336055205452       0.45691887836091016     
   1.5000000000000000       0.27991822034716829       0.49456523062468405     
   1.6250000000000000       0.34173887417525378       0.52244167257870933     
   1.7500000000000000       0.40704408324759245       0.53923552180194290     
   1.8750000000000000       0.47444852347283528       0.54394881452999311     
   2.0000000000000000       0.54244212528908442       0.53590986998085133     
   2.1250000000000000       0.60943085903669081       0.51477804892531953     
   2.2500000000000000       0.67377811515235575       0.48054190915737471     
   2.3750000000000000       0.73384585379702760       0.43351105572964854     
   2.5000000000000000       0.78803473576323368       0.37430207103297297     
   2.6250000000000000       0.83482249464235525       0.30381898819644171     
   2.7500000000000000       0.87279986816691046       0.22322884016785324     
   2.8750000000000000       0.90070347318789212       0.13393287563254924     
   3.0000000000000000       0.91744508264196079        3.7534081200421676E-002
   3.1250000000000000       0.92213684279201347       -6.4198313272392726E-002
   3.2500000000000000       0.91411205363296433      -0.16936664293367681     
   3.3750000000000000       0.89294122326625469      -0.27598421108735127     
   3.5000000000000000       0.85844319688033577      -0.38201556415996696     
   3.6250000000000000       0.81069125136033993      -0.48541692171121553     
   3.7500000000000000       0.75001413614643797      -0.58417606142130718     
   3.8750000000000000       0.67699212846877455      -0.67635098560474149     
   4.0000000000000000       0.59244825526818190      -0.76010673174246257     
   4.1250000000000000       0.49743491380037408      -0.83374973409666853     
   4.2500000000000000       0.39321619703829053      -0.89575919587938013     
   4.3750000000000000       0.28124629755336800      -0.94481499080281683     
   4.5000000000000000       0.16314442370301591      -0.97982167818425603     
   4.6250000000000000        4.0666713929983903E-002 -0.99992828608223816     
   4.7500000000000000       -8.4324321830295867E-002  -1.0045435911240164     
   4.8750000000000000      -0.20989227072079791      -0.99334670062664954     
   5.0000000000000000      -0.33406060829912909      -0.96629282117252380     
   5.1250000000000000      -0.45484721094569458      -0.92361417682145952     
   5.2500000000000000      -0.57029898304837701      -0.86581611847884576     
   5.3750000000000000      -0.67852599785823275      -0.79366854246626695     
   5.5000000000000000      -0.77773456566651611      -0.70819280996759160     
   5.6250000000000000      -0.86625866691246500      -0.61064442870962710     
   5.7500000000000000      -0.94258922050116833      -0.50249182300676953     
   5.8750000000000000       -1.0054006983770145      -0.38539157725568463     
   6.0000000000000000       -1.0535746455339752      -0.26116059030075311     
   6.1250000000000000       -1.0862197193215692      -0.13174562309627780     
   6.2500000000000000       -1.1026879222086039        8.0924082993522051E-004
   6.3750000000000000       -1.1025867671048619       0.13439667393382421     
   6.5000000000000000       -1.0857871828631338       0.26688115414147617     
   6.6250000000000000       -1.0524270385954493       0.39613440624266033     
   6.7500000000000000       -1.0029102378151167       0.52007065431426969     
   6.8750000000000000      -0.93790140602583294       0.63668111147445272     
   7.0000000000000000      -0.85831626709152631       0.74406714930474283     
   7.1250000000000000      -0.76530787342843343       0.84047161386793934     
   7.2500000000000000      -0.66024892169494098       0.92430778796406199     
   7.3750000000000000      -0.54471044819943326       0.99418553955686007     
   7.5000000000000000      -0.42043725575482577        1.0489342435101912     
   7.6250000000000000      -0.28932047531605187        1.0876221171376128     
   7.7500000000000000      -0.15336771067385027        1.1095716687411734     
   7.8750000000000000       -1.4671252081203595E-002   1.1143710213716551     
   8.0000000000000000       0.12462512559025329        1.1018809404949048     
   8.1250000000000000       0.26236024315211637        1.0722374630621827     
   8.2500000000000000       0.39638992603488921        1.0258500955892937     
   8.3750000000000000       0.52462118798355095       0.96339561916618843     
   8.5000000000000000       0.64504564037932455       0.88580760876243025     
   8.6250000000000000       0.75577159147462836       0.79426184169764724     
   8.7500000000000000       0.85505432168683426       0.69015783467558101     
   8.8750000000000000       0.94132405102128192       0.57509680934955321     
   9.0000000000000000        1.0132111521899760       0.45085644207302888     
   9.1250000000000000        1.0695682074491046       0.31936280344537282     
   9.2500000000000000        1.1094885578797762       0.18265993673347197     
   9.3750000000000000        1.1323210499714602        4.2877560579370144E-002
   9.5000000000000000        1.1376807450438815       -9.7802589951848817E-002
   9.6250000000000000        1.1254554212999004      -0.23718124939607907     
   9.7500000000000000        1.0958077651253906      -0.37307638827466094     
   9.8750000000000000        1.0491732165910579      -0.50335770958378634     
   10.000000000000000       0.98625350289308455      -0.62598033020584509     
   10.125000000000000       0.90800596161735392      -0.73901711565292127     
