   0.0000000000000000        0.0000000000000000        0.0000000000000000     
   2.5000000372529030E-002   0.0000000000000000        0.0000000000000000     
   5.0000000745058060E-002   0.0000000000000000        1.7040969458945090E-002
   7.5000001117587090E-002   4.2602424282188304E-004   4.1552320292347893E-002
  0.10000000149011612        1.4648322656100258E-003   5.9954691348854311E-002
  0.12500000186264515        2.9636995716662467E-003   6.1947202383277278E-002
  0.15000000223517418        4.5123796543253096E-003   4.6035395482432545E-002
  0.17500000260770321        5.6632645585356443E-003   2.0333447426023363E-002
  0.20000000298023224        6.1716007517610277E-003  -1.7898320373926878E-003
  0.22500000335276127        6.1268549501594461E-003  -8.8847616697998733E-003
  0.25000000372529030        5.9047359051046175E-003   2.4352902569162501E-003
  0.27500000409781933        5.9656181624347399E-003   2.5676790337047277E-002
  0.30000000447034836        6.6075379304262718E-003   4.7950834526908660E-002
  0.32500000484287739        7.8063088114620656E-003   5.6889834424918330E-002
  0.35000000521540642        9.2285546932781379E-003   4.7284447418561040E-002
  0.37500000558793545        1.0410665896356993E-002   2.3879226157619848E-002
  0.40000000596046448        1.1007646559193195E-002  -1.1732204000021694E-003
  0.42500000633299351        1.0978316048756081E-002  -1.4833400435223989E-002
  0.45000000670552254        1.0607481032349609E-002  -1.0172040220434555E-002
  0.47500000707805157        1.0353180023049365E-002   9.9116877142689849E-003
  0.50000000745058060        1.0600972219598480E-002   3.4246093314056925E-002
  0.52500000782310963        1.1457124565207567E-002   4.9382108660100239E-002
  0.55000000819563866        1.2691677300106343E-002   4.6810513111027852E-002
  0.57500000856816769        1.3861940145320314E-002   2.7528320186750541E-002
  0.60000000894069672        1.4550148160244176E-002   1.5039013218878135E-003
  0.62500000931322575        1.4587745693851618E-002  -1.7672126942433228E-002
  0.65000000968575478        1.4145942513707406E-002  -2.0079799169234115E-002
  0.67500001005828381        1.3643947526996245E-002  -4.7929500010132770E-003
  0.70000001043081284        1.3524123775185401E-002   1.9623904492685435E-002
  0.72500001080334187        1.4014721394813011E-002   3.9711590763772842E-002
  0.75000001117587090        1.5007511178701053E-002   4.4338878261444579E-002
  0.77500001154839993        1.6115983151754686E-002   3.0675848190378940E-002
  0.80000001192092896        1.6882879367941802E-002   5.7125878775448682E-003
  0.82500001229345798        1.7025694067008528E-002  -1.7491754407072228E-002
  0.85000001266598701        1.6588400200315535E-002  -2.6816713354157768E-002
  0.87500001303851604        1.5917982356471586E-002  -1.7584537671170200E-002
  0.90000001341104507        1.5478368908141580E-002   4.9296997470971299E-003
  0.92500001378357410        1.5601611403655465E-002   2.8328893651086907E-002
  0.95000001415610313        1.6309833755485972E-002   3.9746534394271830E-002
  0.97500001452863216        1.7303497130149507E-002   3.2751223733735950E-002
   1.0000000149011612        1.8122277735693686E-002   1.0797961564336489E-002
   1.0250000152736902        1.8392226778824652E-002  -1.4625833675433117E-002
   1.0500000156462193        1.8026580931490278E-002  -3.0164684087046350E-002
   1.0750000160187483        1.7272463818076900E-002  -2.7761858386842597E-002
   1.1000000163912773        1.6578417348063736E-002  -8.9827570857353156E-003
   1.1250000167638063        1.6353848417574014E-002   1.5825148116834588E-002
   1.1500000171363354        1.6749477126390206E-002   3.3085025578664579E-002
   1.1750000175088644        1.7576602778181953E-002   3.3276337135515068E-002
   1.2000000178813934        1.8408511218966233E-002   1.6043789855847822E-002
   1.2250000182539225        1.8809605971339207E-002  -9.6119911055245859E-003
   1.2500000186264515        1.8569306190120347E-002  -3.0164387764395659E-002
   1.2750000189989805        1.7815196484773345E-002  -3.4819467091484146E-002
   1.3000000193715096        1.6944709794514980E-002  -2.1308243027952721E-002
   1.3250000197440386        1.6412003710878222E-002   2.8957341946057903E-003
   1.3500000201165676        1.6484397066822112E-002   2.4586847075912667E-002
   1.3750000204890966        1.7099068252879244E-002   3.1913831282541064E-002
   1.4000000208616257        1.7896914046831598E-002   2.0739416516184231E-002
   1.4250000212341547        1.8415399467462238E-002  -3.1395370598595908E-003
   1.4500000216066837        1.8336911039796181E-002  -2.7102781409403816E-002
   1.4750000219792128        1.7659341494464513E-002  -3.8479008362739583E-002
   1.5000000223517418        1.6697366271061477E-002  -3.1345580479574975E-002
   1.5250000227242708        1.5913726747394965E-002  -9.7067778821745901E-003
   1.5500000230967999        1.5671057296724543E-002   1.4654957086379154E-002
   1.5750000234693289        1.6037431229343417E-002   2.8501707484229578E-002
   1.6000000238418579        1.6749973927066869E-002   2.4243806731750146E-002
   1.6250000242143869        1.7356069104392146E-002   4.0125839340514648E-003
   1.6500000245869160        1.7456383704238236E-002  -2.1483396216358735E-002
   1.6750000249594450        1.6919298790826078E-002  -3.8704831719750005E-002
   1.7000000253319740        1.5951677983413654E-002  -3.8547220649417721E-002
   1.7250000257045031        1.4987997452818251E-002  -2.1226588328417430E-002
   1.7500000260770321        1.4457332736700294E-002   3.8363858287179635E-003
   1.7750000264495611        1.4553242383847408E-002   2.3071661777195055E-002
   1.8000000268220901        1.5130033936872149E-002   2.6041769600836408E-002
   1.8250000271946192        1.5781078186594372E-002   1.1042731384737405E-002
   1.8500000275671482        1.6057146475326547E-002  -1.3981605166002411E-002
   1.8750000279396772        1.5707606340967933E-002  -3.5702473067568560E-002
   1.9000000283122063        1.4815044500978512E-002  -4.2558761767278214E-002
   1.9250000286847353        1.3751075440942182E-002  -3.0961030673697959E-002
   1.9500000290572643        1.2977049662565850E-002  -7.2177485569201796E-003
   1.9750000294297934        1.2796605945954024E-002   1.5849904234003800E-002
   2.0000000298023224        1.3192853557708668E-002   2.5788098270682146E-002
   2.0250000301748514        1.3837556024082537E-002   1.7193287531258331E-002
   2.0500000305473804        1.4267388218768995E-002  -5.3881985023624193E-003
   2.0750000309199095        1.4132683254202675E-002  -2.9899888776043042E-002
   2.1000000312924385        1.3385186023663022E-002  -4.3245014971095896E-002
   2.1250000316649675        1.2304060633275601E-002  -3.8314603528041773E-002
   2.1500000320374966        1.1346195530801254E-002  -1.7802384566697822E-002
   2.1750000324100256        1.0901135910001903E-002   7.2406474809298751E-003
   2.2000000327825546        1.1082152099722501E-002   2.3336366629055263E-002
   2.2250000331550837        1.1665561274142356E-002   2.1812100209275632E-002
   2.2500000335276127        1.2210863787499887E-002   3.4544997556854029E-003
   2.2750000339001417        1.2297226282678923E-002  -2.1912672823882692E-002
   2.3000000342726707        1.1749409453918749E-002  -4.0700274379646406E-002
   2.3250000346451998        1.0731902579265555E-002  -4.2846097598450580E-002
   2.3500000350177288        9.6607501233428750E-003  -2.7214556168254862E-002
   2.3750000353902578        8.9803862089982908E-003  -2.2061466170852258E-003
   2.4000000357627869        8.9252325427493073E-003   1.8750364033119478E-002
   2.4250000361353159        9.3939916505623496E-003   2.4404032328333759E-002
   2.4500000365078449        1.0004092467861905E-002   1.1719163609678626E-002
   2.4750000368803740        1.0297071562469598E-002  -1.2495748413824529E-002
   2.5000000372529030        9.9846778474689570E-003  -3.5241692955958172E-002
   2.5250000376254320        9.1036355104414483E-003  -4.4304782845093239E-002
   2.5500000379979610        7.9960159228092999E-003  -3.4810580370200933E-002
   2.5750000383704901        7.1257514005863250E-003  -1.1839910967596186E-002
   2.6000000387430191        6.8297536219857095E-003   1.2297539198981286E-002
   2.6250000391155481        7.1371921065414316E-003   2.4668793537071645E-002
   2.6500000394880772        7.7539119541580647E-003   1.8657627071957186E-002
   2.6750000398606062        8.2203526379075013E-003  -2.4851008824595261E-003
   2.7000000402331352        8.1582251149202416E-003  -2.7386010987828290E-002
   2.7250000406056643        7.4735748300224503E-003  -4.2652492988959664E-002
   2.7500000409781933        6.4072624894091663E-003  -4.0059558722091569E-002
   2.7750000413507223        5.4057735064335288E-003  -2.0963633554122955E-002
   2.8000000417232513        4.8816826597708925E-003   4.4252526008312747E-003
   2.8250000420957804        4.9923139764402090E-003   2.2522316211208007E-002
   2.8500000424683094        5.5553718901106258E-003   2.3657839576809656E-002
   2.8750000428408384        6.1468178883440994E-003   7.2660793170016141E-003
   2.9000000432133675        6.3284698739759651E-003  -1.7811219958110802E-002
   2.9250000435858965        5.8831893683879985E-003  -3.8069578958010879E-002
   2.9500000439584255        4.9314498802557035E-003  -4.2588663644315808E-002
   2.9750000443309546        3.8667332732822950E-003  -2.8892454540872733E-002
   3.0000000447034836        3.1444218989971984E-003  -4.2780079903656371E-003
   3.0250000450760126        3.0374716976443753E-003   1.8100233562535543E-002
   3.0500000454485416        3.4899775434506265E-003   2.6289335954731777E-002
   3.0750000458210707        4.1472109521124619E-003   1.5952012400189616E-002
   3.1000000461935997        4.5460112680597896E-003  -7.3059626074367980E-003
   3.1250000465661287        4.3633622001521865E-003  -3.0944006710531810E-002
   3.1500000469386578        3.5897620208613507E-003  -4.2216354599896387E-002
   3.1750000473111868        2.5343531401371233E-003  -3.5011787755275581E-002
   3.2000000476837158        1.6590584332123264E-003  -1.3133117642981612E-002
   3.2250000480562449        1.3307304872453185E-003   1.1743421391089692E-002
   3.2500000484287739        1.6243160263973262E-003   2.6333834317985912E-002
   3.2750000488013029        2.2826618941570917E-003   2.2874788810991652E-002
   3.3000000491738319        2.8545316229534059E-003   3.2895290438325030E-003
   3.3250000495463610        2.9367698502746637E-003  -2.1844242233382213E-002
   3.3500000499188900        2.3906637863024939E-003  -3.8970655855398245E-002
   3.3750000502914190        1.4163973753998373E-003  -3.8830117799937475E-002
   3.4000000506639481        4.4564441593605429E-004  -2.1428272734253580E-002
   3.4250000510364771       -9.0062410402938866E-005   3.9669669961039621E-003
   3.4500000514090061        9.1117659774705534E-006   2.3798732635678936E-002
   3.4750000517815351        6.0408009073516277E-004   2.7496060934403974E-002
   3.5000000521540642        1.2914816243383429E-003   1.3146453748751554E-002
   3.5250000525265932        1.6201429729545674E-003  -1.1477886516159658E-002
   3.5500000528991222        1.3331958057747301E-003  -3.3090846417101506E-002
   3.5750000532716513        5.0592463301989143E-004  -4.0022077364120015E-002
   3.6000000536441803       -4.9462731599249452E-004  -2.8479614973289713E-002
   3.6250000540167093       -1.2066177009342207E-003  -4.5847808166538419E-003
   3.6500000543892384       -1.3212372230585307E-003   1.8912607045431858E-002
   3.6750000547617674       -8.4842203987723903E-004   2.9476023546827365E-002
   3.7000000551342964       -1.1152144022588044E-004   2.1509569460509626E-002
   3.7250000555068254        4.2621780429979929E-004  -6.3918906584591734E-004
   3.7500000558793545        4.1023807741553486E-004  -2.5012264873892957E-002
   3.7750000562518835       -2.1506855374958385E-004  -3.8458214478635164E-002
   3.8000000566244125       -1.1765239300422642E-003  -3.3689536870326969E-002
   3.8250000569969416       -2.0187623643507686E-003  -1.3193349017903241E-002
   3.8500000573694706       -2.3485960947132551E-003   1.2103217518700506E-002
   3.8750000577419996       -2.0460156522369424E-003   2.8696720954723309E-002
   3.9000000581145287       -1.3285976176784981E-003   2.7753620229954517E-002
   3.9250000584870577       -6.3475710159060594E-004   9.8505143140865635E-003
   3.9500000588595867       -3.8849424006883929E-004  -1.5335308148833861E-002
   3.9750000592321157       -7.7187694950253335E-004  -3.4218950907867404E-002
   4.0000000596046448       -1.6273507349467710E-003  -3.6597900364463955E-002
   4.0250000599771738       -2.5422982576921503E-003  -2.1126952854433306E-002
   4.0500000603497028       -3.0704720869233863E-003   3.9598889873359161E-003
   4.0750000607222319       -2.9714748607648149E-003   2.5267936443057706E-002
   4.1000000610947609       -2.3397764402753323E-003   3.1429675119410909E-002
   4.1250000614672899       -1.5540345505815930E-003   1.9204799515361186E-002
   4.1500000618398190       -1.0739145555432180E-003  -4.7809927012073192E-003
   4.1750000622123480       -1.1934393748544597E-003  -2.7591522462405784E-002
   4.2000000625848770       -1.8832274466932474E-003  -3.6921994935472685E-002
   4.2250000629574060       -2.8062773338345796E-003  -2.7702049287352194E-002
   4.2500000633299351       -3.4988285763382018E-003  -4.8166489864404118E-003
   4.2750000637024641       -3.6192448027935536E-003   1.9515277697890715E-002
   4.3000000640749931       -3.1313628530762784E-003   3.2297767081247319E-002
   4.3250000644475222       -2.3239186640132397E-003   2.6731724943402556E-002
   4.3500000648200512       -1.6556255304698321E-003   5.8634541693173975E-003
   4.3750000651925802       -1.5090391740525903E-003  -1.9050076072665061E-002
   4.4000000655651093       -1.9852910829659233E-003  -3.4581986651522470E-002
   4.4250000659376383       -2.8498407621367792E-003  -3.2340665891612691E-002
   4.4500000663101673       -3.6583574214749332E-003  -1.3472909385593507E-002
   4.4750000666826963       -3.9951801611338208E-003   1.1951462926516825E-002
   4.5000000670552254       -3.6963935835186332E-003   3.0343284213805260E-002
   4.5250000674277544       -2.9378114668697475E-003   3.1886279028965368E-002
   4.5500000678002834       -2.1406544792670489E-003   1.5804684875789274E-002
   4.5750000681728125       -1.7455373514846130E-003  -9.2204660272304576E-003
   4.6000000685453415       -1.9760490056002656E-003  -2.9709790869814866E-002
   4.6250000689178705       -2.7187937884133968E-003  -3.4618901379268506E-002
   4.6500000692903996       -3.5842663357916553E-003  -2.1265075834005338E-002
   4.6750000696629286       -4.1158932395636465E-003   3.2331262575743397E-003
   4.7000000700354576       -4.0350650819198546E-003   2.5775836105396056E-002
   4.7250000704079866       -3.3906691696827061E-003   3.4311552151111188E-002
   4.7500000707805157       -2.5328803531228772E-003   2.4304240110601338E-002
   4.7750000711530447       -1.9252743413038088E-003   1.1674665765882900E-003
   4.8000000715255737       -1.8960876764541864E-003  -2.2640644151716478E-002
   4.8250000718981028       -2.4621037886813956E-003  -3.4302719145235895E-002
   4.8500000722706318       -3.3196717800910514E-003  -2.7520226061156637E-002
   4.8750000726431608       -4.0076774418720505E-003  -5.8934066143222601E-003
   4.9000000730156898       -4.1550126094255721E-003   1.9010693277570725E-002
   4.9250000733882189       -3.6797452704042687E-003   3.3865358595712540E-002
   4.9500000737607479       -2.8331112928956263E-003   3.0735618578134359E-002
   4.9750000741332769       -2.0647208169923574E-003   1.1336330594722607E-002
   5.0000000745058060       -1.7813125479011799E-003  -1.3888048143193176E-002
   5.0250000748783350       -2.1285137566547105E-003  -3.1368186053390951E-002
   5.0500000752508640       -2.9127184196750442E-003  -3.1691479302436543E-002
   5.0750000756233931       -3.7050054140419539E-003  -1.4653060676924963E-002
   5.1000000759959221       -4.0713319364237685E-003   1.0634268662204779E-002
   5.1250000763684511       -3.8054752159070752E-003   3.0630176355093925E-002
   5.1500000767409801       -3.0397207956190972E-003   3.4632848384328341E-002
   5.1750000771135092       -2.1738995731091473E-003   2.0521826913592146E-002
   5.2000000774860382       -1.6608538926243675E-003  -4.1040983119557811E-003
   5.2250000778585672       -1.7634563519521578E-003  -2.6004562893642860E-002
   5.2500000782310963       -2.4135704339806837E-003  -3.3402694917289040E-002
   5.2750000786036253       -3.2486378193563835E-003  -2.2304839007015513E-002
   5.3000000789761543       -3.8062588028409715E-003   1.3563674050433815E-003
   5.3250000793486834       -3.7723496172096006E-003   2.4905588046971433E-002
   5.3500000797212124       -3.1497099067572601E-003   3.5726664552699343E-002
   5.3750000800937414       -2.2565432796305567E-003   2.8032737380009741E-002
   5.4000000804662704       -1.5557248346873046E-003   5.9716131805738933E-003
   5.4250000808387995       -1.4064345029483581E-003  -1.8600030702841330E-002
   5.4500000812113285       -1.8714352774484428E-003  -3.2479193174234401E-002
   5.4750000815838575       -2.6834151189037451E-003  -2.8201563342897092E-002
   5.5000000819563866       -3.3884542129820733E-003  -8.0470251900127791E-003
   5.5250000823289156       -3.5896298457301435E-003   1.7183790079650707E-002
   5.5500000827014446       -3.1600350873374154E-003   3.3965374723992844E-002
   5.5750000830739737       -2.3109007065845060E-003   3.3305444846724125E-002
   5.6000000834465027       -1.4782645730091579E-003   1.5570412106365748E-002
   5.6250000838190317       -1.0890042645495836E-003  -9.7112288803508570E-003
   5.6500000841915607       -1.3317849901760697E-003  -2.8962090754150516E-002
   5.6750000845640898       -2.0558372698190521E-003  -3.1841809481837055E-002
   5.7000000849366188       -2.8518825187269768E-003  -1.6795901416003269E-002
   5.7250000853091478       -3.2717800603840191E-003   8.1100789547385553E-003
   5.7500000856816769       -3.0690280834943153E-003   2.9518708184641970E-002
   5.7750000860542059       -2.3310603678816902E-003   3.5948597964820923E-002
   5.8000000864267349       -1.4323454053692709E-003   2.3955577100938263E-002
   5.8250000867992640       -8.3345596892166641E-004  -1.9076141774640454E-005
   5.8500000871717930       -8.3393287247313889E-004  -2.3105153987750739E-002
   5.8750000875443220       -1.4115617307742480E-003  -3.2909945798297022E-002
   5.9000000879168510       -2.2343103879915839E-003  -2.4168429030906817E-002
   5.9250000882893801       -2.8385211227676958E-003  -1.5685839030032643E-003
   5.9500000886619091       -2.8777357209271207E-003   2.2764295018930666E-002
   5.9750000890344381       -2.3086283369734934E-003   3.5774315850123077E-002
   6.0000000894069672       -1.4142704273934453E-003   3.0481085716155199E-002
   6.0250000897794962       -6.5224327313447602E-004   9.7255590015061892E-003
   6.0500000901520252       -4.0910429447376826E-004  -1.5354468109833160E-002
   6.0750000905245543       -7.9296600293958237E-004  -3.1301133219376331E-002
   6.1000000908970833       -1.5754943450845714E-003  -2.9558282507459736E-002
   6.1250000912696123       -2.3144514187823833E-003  -1.1062879506688685E-002
   6.1500000916421413       -2.5910234105708443E-003   1.4257804368671294E-002
   6.1750000920146704       -2.2345782960426159E-003   3.2813398765611887E-002
   6.2000000923871994       -1.4142433146783751E-003   3.4643343803737452E-002
   6.2250000927597284       -5.4815970667928756E-004   1.8761962289173328E-002
   6.2500000931322575       -7.9110642460578735E-005  -6.3125901015700162E-003
   6.2750000935047865       -2.3692539735145220E-004  -2.7129343127733300E-002
   6.3000000938773155       -9.1515898565125257E-004  -3.2522588533962525E-002
   6.3250000942498446       -1.7282237111159240E-003  -1.9603634173501486E-002
   6.3500000946223736       -2.2183145727563839E-003   4.6890730318494278E-003
   6.3750000949949026       -2.1010877452133322E-003   2.7313285801418091E-002
   6.4000000953674316       -1.4182555900028879E-003   3.6121730370201909E-002
   6.4250000957399607       -5.1521231729144705E-004   2.6380617545760612E-002
   6.4500000961124897        1.4430313118011411E-004   3.3099126921663675E-003
   6.4750000964850187        2.2705094971731186E-004  -2.0717800829113536E-002
   6.5000000968575478       -2.9089407872850883E-004  -3.2816712487186671E-002
   6.5250000972300768       -1.1113119031333537E-003  -2.6502584656805984E-002
   6.5500000976026058       -1.7738765294264855E-003  -5.1723261811628361E-003
   6.5750000979751348       -1.9031846858823980E-003   1.9718877262472814E-002
   6.6000000983476639       -1.4102127469747235E-003   3.4804683534634701E-002
   6.6250000987201929       -5.4009564564310103E-004   3.1980283404435227E-002
   6.6500000990927219        2.5941145138136357E-004   1.2751634008894473E-002
   6.6750000994652510        5.7820230635407925E-004  -1.2572659167731943E-002
   6.7000000998377800        2.6388582247710015E-004  -3.0413157665982144E-002
   6.7250001002103090       -4.9644313050223755E-004  -3.1206607414888614E-002
   6.7500001005828381       -1.2766083274998201E-003  -1.4537782237252293E-002
   6.7750001009553671       -1.6400528888468732E-003   1.0637708049502939E-002
   6.8000001013278961       -1.3741101836464446E-003   3.0799208724083718E-002
   6.8250001017004251       -6.0412995407075232E-004   3.5116515880283444E-002
   6.8500001020729542        2.7378295601825542E-004   2.1261616134156662E-002
   6.8750001024454832        8.0532336729274118E-004  -3.3420386812161411E-003
   6.9000001028180122        7.2177239901733119E-004  -2.5503110467906761E-002
   6.9250001031905413        8.4194627819013140E-005  -3.3341130254836975E-002
   6.9500001035630703       -7.4933364097245017E-004  -2.2661812191199976E-002
   6.9750001039355993       -1.3158789541946325E-003   7.9220937113468406E-004
   7.0000001043081284       -1.2960737196211444E-003   2.4423015363471971E-002
   7.0250001046806574       -6.8549832643606285E-004   3.5537735799805972E-002
   7.0500001050531864        2.0294508179792472E-004   2.8159836168294396E-002
   7.0750001054257154        9.0694099649564106E-004   6.2362683972033914E-003
   7.1000001057982445        1.0628477087489168E-003  -1.8480542261590627E-002
   7.1250001061707735        6.0083414532461255E-004  -3.2739301410386779E-002
   7.1500001065433025       -2.1764840213139706E-004  -2.8900776448656108E-002
   7.1750001069158316       -9.4016782411417794E-004  -9.0371703244354375E-003
   7.2000001072883606       -1.1660970855916723E-003   1.6179877183891737E-002
   7.2250001076608896       -7.6160014996690486E-004   3.3205937370093003E-002
   7.2500001080334187        6.8548296655595795E-005   3.2892042846587699E-002
   7.2750001084059477        8.9084938007352905E-004   1.5394235133986772E-002
   7.3000001087784767        1.2757052641579978E-003  -9.9101630154669919E-003
   7.3250001091510057        1.0279511850794995E-003  -2.9454620424151503E-002
   7.3500001095235348        2.9158566350301080E-004  -3.2763493055187470E-002
   7.3750001098960638       -5.2750167508202825E-004  -1.8073480875240522E-002
   7.4000001102685928       -9.7933870369593763E-004   6.7201529707977166E-003
   7.4250001106411219       -8.1133487692254265E-004   2.8300362962166391E-002
   7.4500001110136509       -1.0382579232567609E-004   3.5074551018758636E-002
   7.4750001113861799        7.7303799620957823E-004   2.3395419212830004E-002
   7.5000001117587090        1.3579234852458010E-003  -4.8180277346310946E-004
   7.5250001121312380        1.3458784157297377E-003  -2.3756047299699653E-002
   7.5500001125037670        7.5197722438742913E-004  -3.3949741081401738E-002
   7.5750001128762960       -9.6766315294878396E-005  -2.5604543414523988E-002
   7.6000001132488251       -7.3687991019641386E-004  -3.2104080136245404E-003
   7.6250001136213541       -8.1714011173299758E-004   2.1203831371985019E-002
   7.6500001139938831       -2.8704431953432941E-004   3.4525406131323128E-002
   7.6750001143664122        5.7609084661046481E-004   2.9594221375584630E-002
   7.7000001147389412        1.3159463920247871E-003   9.0451270101455927E-003
   7.7250001151114702        1.5420745706479994E-003  -1.6105996957129255E-002
   7.7500001154839993        1.1394246407198166E-003  -3.2373602747640728E-002
   7.7750001158565283        3.3008455996869155E-004  -3.1039116064668915E-002
   7.8000001162290573       -4.4589335321100314E-004  -1.2829513354755961E-002
   7.8250001166015863       -7.6663119185926831E-004   1.2472793709364813E-002
   7.8500001169741154       -4.5481134447867026E-004   3.1279421848918673E-002
   7.8750001173466444        3.2717421339678923E-004   3.3487848780822810E-002
   7.9000001177191734        1.1643704453925554E-003   1.7902654985198115E-002
   7.9250001180917025        1.6119368266917669E-003  -7.1229844633811761E-003
   7.9500001184642315        1.4338622124537191E-003  -2.8169796806266190E-002
   7.9750001188367605        7.2961728180299728E-004  -3.3953489549699532E-002
   8.0000001192092896       -1.1921996958815157E-004  -2.1380150600816741E-002
   8.0250001195818186       -6.5372374257329684E-004   2.7934920236539797E-003
   8.0500001199543476       -5.8388644094129047E-004   2.5585883264394808E-002
   8.0750001203268766        5.5760650200064005E-005   3.4756834798780167E-002
   8.1000001206994057        9.2468153311749818E-004   2.5375884763550877E-002
   8.1250001210719347        1.5590786616595238E-003   2.4680952695491538E-003
   8.1500001214444637        1.6207810443176899E-003  -2.1682506177170324E-002
   8.1750001218169928        1.0787183818110687E-003  -3.4124807939393660E-002
   8.2000001221895218        2.2559817061374560E-004  -2.8190467858612706E-002
   8.2250001225620508       -4.7916353635333968E-004  -7.0722929358354170E-003
   8.2500001229345798       -6.5597086238385950E-004   1.7889093173247744E-002
   8.2750001233071089       -2.0874352638845935E-004   3.3290882460480564E-002
   8.3000001236796379        6.2352854752537490E-004   3.0860328801467381E-002
   8.3250001240521669        1.3950367790584277E-003   1.1894088572884695E-002
   8.3500001244246960        1.6923889978114383E-003  -1.3437593419098344E-002
   8.3750001247972250        1.3564491573280859E-003  -3.1548463364846457E-002
   8.4000001251697540        5.6773756145420606E-004  -3.2726944527908378E-002
   8.4250001255422831       -2.5043606393524028E-004  -1.6347585402720993E-002
   8.4500001259148121       -6.5912570509321525E-004   8.7933092287054669E-003
   8.4750001262873411       -4.3929297109981561E-004   2.9197971445835479E-002
   8.5000001266598701        2.9065632592316333E-004   3.3910373087019982E-002
   8.5250001270323992        1.1384156657312612E-003   2.0395474362840595E-002
   8.5500001274049282        1.6483025324001825E-003  -4.1004175927381453E-003
   8.5750001277774572        1.5457920910542041E-003  -2.6438178934641905E-002
   8.6000001281499863        8.8483760783916732E-004  -3.4636616141109640E-002
   8.6250001285225153        1.8922191408281362E-005  -2.4301841935982081E-002
   8.6500001288950443       -5.8862386604441222E-004  -9.8513374593585390E-004
   8.6750001292675734       -6.1325221005979953E-004   2.2796004685318737E-002
   8.7000001296401024       -4.3352084434657590E-005   3.4275013827447534E-002
   8.7250001300126314        8.1352327401996842E-004   2.7287097692852150E-002
   8.7500001303851604        1.4957007265065081E-003   5.5773896964337565E-003
   8.7750001307576895        1.6351354709950917E-003  -1.9208770449591666E-002
   8.8000001311302185        1.1549162025994754E-003  -3.3774986613393933E-002
   8.8250001315027475        3.1054152468246404E-004  -3.0308949851416203E-002
   8.8500001318752766       -4.4718223289390475E-004  -1.0674698730804417E-002
   8.8750001322478056       -7.1404970514065032E-004   1.4587663918223966E-002
   8.9000001326203346       -3.4935810175072289E-004   3.1918023548132710E-002
   8.9250001329928637        4.4859249884298519E-004   3.2012911941763943E-002
   8.9500001333653927        1.2489153093128229E-003   1.4817953950417944E-002
   8.9750001337379217        1.6193641635933896E-003  -1.0442955214037711E-002
   9.0000001341104507        1.3582902793521428E-003  -3.0217399315522007E-002
   9.0250001344829798        6.0285528520723425E-004  -3.3896971294261988E-002
   9.0500001348555088       -2.4456900977692128E-004  -1.9509982609776343E-002
   9.0750001352280378       -7.3231858228936476E-004   5.2204829287630788E-003
   9.1000001356005669       -6.0180650712550639E-004   2.7020946103292271E-002
   9.1250001359730959        7.3717155522887265E-005   3.4190375008337028E-002
   9.1500001363456249        9.2847654346822021E-004   2.2879217472114445E-002
   9.1750001367181540        1.5004569887942540E-003  -8.4484549871868819E-004
   9.2000001370906830        1.4793358510115573E-003  -2.4252954566689761E-002
   9.2250001374632120        8.7301197780938363E-004  -3.4785663633348049E-002
   9.2500001378357410        3.3703740170128258E-006  -2.6792620524349872E-002
   9.2750001382082701       -6.6644514907276292E-004  -4.5646739888810760E-003
   9.3000001385807991       -7.8056200049526339E-004   1.9968689152305239E-002
   9.3250001389533281       -2.8134476424871606E-004   3.3640970190627090E-002
   9.3500001393258572        5.5967950304919919E-004   2.9114092824880058E-002
   9.3750001396983862        1.2875318345170455E-003   8.8161761269785685E-003
   9.4000001400709152        1.5079362409757913E-003  -1.6361450516906330E-002
   9.4250001404434443        1.0988999719580177E-003  -3.2908779678058692E-002
   9.4500001408159733        2.7618046774707469E-004  -3.1946899149380793E-002
   9.4750001411885023       -5.2249202288859244E-004  -1.3992616359855967E-002
   9.5000001415610313       -8.7230743709764747E-004   1.1318869667181458E-002
   9.5250001419335604       -5.8933569120150344E-004   3.0404428408396238E-002
   9.5500001423060894        1.7077503033493472E-004   3.3022005917685865E-002
   9.5750001426786184        9.9632519057873720E-004   1.7766736772981899E-002
   9.6000001430511475        1.4404936165219099E-003  -7.1751762159214631E-003
   9.6250001434236765        1.2611142084509117E-003  -2.8419363182633259E-002
   9.6500001437962055        5.5063011829804246E-004  -3.4565640627466282E-002
   9.6750001441687346       -3.1351091026531920E-004  -2.2315606235464483E-002
   9.7000001445412636       -8.7140107446514244E-004   1.7573625763763721E-003
   9.7250001449137926       -8.2746700940106459E-004   2.4735527035751909E-002
   9.7500001452863216       -2.0907882429256500E-004   3.4288731034087770E-002
   9.7750001456588507        6.4813946433317699E-004   2.5291035202478919E-002
   9.8000001460313797        1.2804153538167949E-003   2.5714077987781941E-003
   9.8250001464039087        1.3447005497441739E-003  -2.1677609601313517E-002
   9.8500001467764378        8.0276030163579709E-004  -3.4442693889264360E-002
   9.8750001471489668       -5.8307058426715244E-005  -2.8872981854755540E-002
   9.9000001475214958       -7.8013161555162767E-004  -7.9563983405389858E-003
   9.9250001478940248       -9.7904157702909177E-004   1.7083728467344784E-002
   9.9500001482665539       -5.5194835898128743E-004   3.2811352660498776E-002
   9.9750001486390829        2.6833546975436331E-004   3.0787789866878378E-002
   10.000000149011612        1.0380302278956682E-003   1.2100100995688826E-002
