   0.0000000000000000        0.0000000000000000        0.0000000000000000     
   5.0000000745058060E-002   0.0000000000000000        0.0000000000000000     
  0.10000000149011612        0.0000000000000000        2.4989585379776463E-003
  0.15000000223517418        1.2494792876075150E-004   7.3656815900735827E-003
  0.20000000298023224        4.9323201375229110E-004   1.4463056954074740E-002
  0.25000000372529030        1.2163848722318454E-003   2.3648709328354632E-002
  0.30000000447034836        2.3988203562692384E-003   3.4775652927329835E-002
  0.35000000521540642        4.1376030285456104E-003   4.7692940002233779E-002
  0.40000000596046448        6.5222500641913088E-003   6.2246303685289918E-002
  0.45000000670552254        9.6345652948329145E-003   7.8278793626648663E-002
  0.50000000745058060        1.3548505034487594E-002   9.5631402946608532E-002
  0.55000000819563866        1.8330075253068970E-002  0.11414368508054334     
  0.60000000894069672        2.4037259592139808E-002  0.13365435915047652     
  0.65000000968575478        3.0719977649243890E-002  0.15400190255525326     
  0.70000001043081284        3.8420072891746912E-002  0.17502512953063448     
  0.75000001117587090        4.7171329498682524E-002  0.19656375449124677     
  0.80000001192092896        5.6999517369696273E-002  0.21845893902804370     
  0.85000001266598701        6.7922464483863049E-002  0.24055382149764179     
  0.90000001341104507        7.9950155737971706E-002  0.26269402820346288     
  0.95000001415610313        9.3084857343867150E-002  0.28472816523292149     
   1.0000000149011612       0.10732126581765224       0.30650829007981817     
   1.0500000156462193       0.12264668055000962       0.32789036224651374     
   1.1000000163912773       0.13904119890663266       0.34873467208624814     
   1.1500000171363354       0.15647793277077265       0.36890624721200671     
   1.2000000178813934       0.17492324540622955       0.38827523586451307     
   1.2500000186264515       0.19433700748874280       0.40671726669811797     
   1.3000000193715096       0.21467287112667668       0.42411378450944937     
   1.3500000201165676       0.23587856066813856       0.44035236149956913     
   1.4000000208616257       0.25789617907120510       0.45532698372593911     
   1.4500000216066837       0.28066252859674712       0.46893831246561907     
   1.5000000223517418       0.30410944456941436       0.48109392027569609     
   1.5500000230967999       0.32816414094164204       0.49170850160086782     
   1.6000000238418579       0.35274956638803678       0.50070405784126915     
   1.6500000245869160       0.37778476965315383       0.50801005685593836     
   1.7000000253319740       0.40318527287444772       0.51356356693866645     
   1.7500000260770321       0.42886345160401573       0.51730936536325667     
   1.8000000268220901       0.45472892025760409       0.51920002165435641     
   1.8500000275671482       0.48068892172715605       0.51919595579790578     
   1.9000000283122063       0.50664871990388249       0.51726547166178938     
   1.9500000290572643       0.53251199387236481       0.51338476595239746     
   2.0000000298023224       0.55818123255248620       0.50753791308640583     
   2.0500000305473804       0.58355812858495171       0.49971682640909493     
   2.1000000312924385       0.60854397027772456       0.48992119624086694     
   2.1500000320374966       0.63304003045478763       0.47815840528220849     
   2.2000000327825546       0.65694795107515380       0.46444342195411592     
   2.2500000335276127       0.68017012251889697       0.44879867229587850     
   2.3000000342726707       0.70261005646807195       0.43125389108504009     
   2.3500000350177288       0.72417275134363313       0.41184595288526671     
   2.4000000357627869       0.74476504929474563       0.39061868376668218     
   2.4500000365078449       0.76429598377411334       0.36762265447993808     
   2.5000000372529030       0.78267711677201046       0.34291495589981313     
   2.5500000379979610       0.79982286482249265       0.31655895758643854     
   2.6000000387430191       0.81565081293766939       0.28862405034228317     
   2.6500000394880772       0.83008201566982520       0.25918537367076538     
   2.7000000402331352       0.84304128454647165       0.22832352906775336     
   2.7500000409781933       0.85445746116997356       0.19612428010024455     
   2.8000000417232513       0.86426367532110981       0.16267824024715330     
   2.8500000424683094       0.87239758745467222       0.12808054949536063     
   2.9000000432133675       0.87880161502486764        9.2430540699979441E-002
   2.9500000439584255       0.88342314212873274        5.5831396731147856E-002
   3.0000000447034836       0.88621471200688773        1.8389799440577753E-002
   3.0500000454485416       0.88713420199261805       -1.9784428510448149E-002
   3.1000000461935997       0.88614498055235513       -5.8578687913916107E-002
   3.1500000469386578       0.88321604611301485       -9.7877972317460954E-002
   3.2000000476837158       0.87832214742421699      -0.13756524131383241     
   3.2500000484287739       0.87144388525603123      -0.17752179676624991     
   3.3000000491738319       0.86256779528545469      -0.21762766092209238     
   3.3500000499188900       0.85168641207720486      -0.25776195537337870     
   3.4000000506639481       0.83879831411648831      -0.29780327983083865     
   3.4500000514090061       0.82390814990306560      -0.33763008968901909     
   3.5000000521540642       0.80702664516706057      -0.37712107137277617     
   3.5500000528991222       0.78817059131744471      -0.41615551447063098     
   3.6000000536441803       0.76736281528385319      -0.45461367967776134     
   3.6500000543892384       0.74463213096125158      -0.49237716159082173     
   3.7000000551342964       0.72001327251486091      -0.52932924541826387     
   3.7500000558793545       0.69354680984956674      -0.56535525669331765     
   3.8000000566244125       0.66527904659367831      -0.60034290310222016     
   3.8500000573694706       0.63526190099127700      -0.63418260756758393     
   3.9000000581145287       0.60355277014039488      -0.66676783175590071     
   3.9500000588595867       0.57021437805581909      -0.69799538920901161     
   4.0000000596046448       0.53531460807532139      -0.72776574733186228     
   4.0500000603497028       0.49892632016650051      -0.75598331750291592     
   4.1000000610947609       0.46112715372810326      -0.78255673260914005     
   4.1500000618398190       0.42199931651459605      -0.80739911134442555     
   4.2000000625848770       0.38162936034581557      -0.83042830864854478     
   4.2500000633299351       0.34010794429467101      -0.85156715170322661     
   4.3000000640749931       0.29752958607504271      -0.87074366094251476     
   4.3500000648200512       0.25399240237916237      -0.88789125557619308     
   4.4000000655651093       0.20959783893882217      -0.90294894316760577     
   4.4500000663101673       0.16445039110769250      -0.91586149285056995     
   4.5000000670552254       0.11865731578279401      -0.92657959181417482     
   4.5500000678002834        7.2328335501729679E-002 -0.93505998472897622     
   4.6000000685453415        2.5575335568606888E-002 -0.94126559583333114     
   4.6500000692903996       -2.1487944924357190E-002 -0.94516563344425975     
   4.7000000700354576       -6.8746227300773455E-002 -0.94673567670317593     
   4.7500000707805157      -0.11608301184130529      -0.94595774441297353     
   4.8000000715255737      -0.16338089976674741      -0.94282034586920249     
   4.8500000722706318      -0.21052191776266344      -0.93731851363429242     
   4.9000000730156898      -0.25738784414273475      -0.92945381824989326     
   4.9500000737607479      -0.30386053574772648      -0.91923436492828015     
   5.0000000745058060      -0.34982225467902345      -0.90667477230932270     
   5.0500000752508640      -0.39515599397001494      -0.89179613341462916     
   5.1000000759959221      -0.43974580130518631      -0.87462595897505468     
   5.1500000767409801      -0.48347709990558618      -0.85519810335169311     
   5.2000000774860382      -0.52623700571034304      -0.83355267331366978     
   5.2500000782310963      -0.56791463999707170      -0.80973591997840433     
   5.3000000789761543      -0.60840143659929224      -0.78380011426143592     
   5.3500000797212124      -0.64759144289634063      -0.75580340622329334     
   5.4000000804662704      -0.68538161377062268      -0.72580966874016539     
   5.4500000812113285      -0.72167209774840124      -0.69388832596319172     
   5.5000000819563866      -0.75636651456354786      -0.66011416706796300     
   5.5500000827014446      -0.78937222340876945      -0.62456714583121431     
   5.6000000834465027      -0.82060058116566892      -0.58733216660563303     
   5.6500000841915607      -0.84996718993354714      -0.54849885729610948     
   5.7000000849366188      -0.87739213320701614      -0.50816132997156316     
   5.7500000856816769      -0.90280020008420403      -0.46641792977560675     
   5.8000000864267349      -0.92612109692049283      -0.42337097282670888     
   5.8500000871717930      -0.94728964587726427      -0.37912647382411413     
   5.9000000879168510      -0.96624596985094124      -0.33379386409952855     
   5.9500000886619091      -0.98293566330461346      -0.28748570087642228     
   6.0000000894069672      -0.99730994856262811      -0.24031736851869556     
   6.0500000901520252       -1.0093258171676134      -0.19240677256835645     
   6.1000000908970833       -1.0189461559393853      -0.14387402738772898     
   6.1500000916421413       -1.0261398574159664       -9.4841138235519373E-002
   6.2000000923871994       -1.0308819143984045       -4.5431678617784951E-002
   6.2500000931322575       -1.0331534983631430        4.2295362355461372E-003
   6.3000000938773155       -1.0329420215482144        5.4016778910484890E-002
   6.3500000946223736       -1.0302411825624445       0.10380374150167462     
   6.4000000953674316       -1.0250509954100209       0.15346386859134670     
   6.4500000961124897       -1.0173778018661142       0.20287069064689878     
   6.5000000968575478       -1.0072342671826187       0.25189815697058954     
   6.5500000976026058      -0.99463935914641044       0.30042096733812207     
   6.6000000983476639      -0.97961831055567328       0.34831490146830052     
   6.6500000990927219      -0.96220256522274339       0.39545714547346994     
   6.7000000998377800      -0.94242970765443135       0.44172661445006861     
   6.7500001005828381      -0.92034337660281595       0.48700427038030536     
   6.8000001013278961      -0.89599316272095419       0.53117343452968913     
   6.8500001020729542      -0.86943449059871469       0.57412009354084870     
   6.9000001028180122      -0.84072848549391943       0.61573319844174279     
   6.9500001035630703      -0.80994182511307533       0.65590495580592900     
   7.0000001043081284      -0.77714657683409161       0.69453111032398274     
   7.0500001050531864      -0.74242002080042646       0.73151121806838060     
   7.1000001057982445      -0.70584445935198914       0.76674890975912169     
   7.1500001065433025      -0.66750701329276063       0.80015214336399743     
   7.2000001072883606      -0.62749940552840100       0.83163344539566353     
   7.2500001080334187      -0.58591773263900260       0.86111014029744559     
   7.3000001087784767      -0.54286222498255321       0.88850456734104677     
   7.3500001095235348      -0.49843699595351337       0.91374428449194667     
   7.4000001102685928      -0.45274978104812347       0.93676225873219643     
   7.4500001110136509      -0.40591166741357138       0.95749704236544608     
   7.5000001117587090      -0.35803681458190817       0.97589293486529738     
   7.5500001125037670      -0.30924216711154640       0.99190012986536613     
   7.6000001132488251      -0.25964715987925491        1.0054748469276704     
   7.6500001139938831      -0.20937341678373425        1.0165794477650392     
   7.7000001147389412      -0.15854444363807157        1.0251825366330667     
   7.7500001154839993      -0.10728531604259772        1.0312590446476113     
   7.8000001162290573       -5.5722363041869297E-002   1.0347902978248682     
   7.8500001169741154       -3.9828473796470337E-003   1.0357640686825178     
   7.9000001177191734        4.7805356826183226E-002   1.0341746112822725     
   7.9500001184642315        9.9514088160816971E-002   1.0300226796362029     
   8.0000001192092896       0.15101522291005381        1.0233155294414247     
   8.0500001199543476       0.20218100014455453        1.0140669031499565     
   8.1000001206994057       0.25288434605759108        1.0022969984227170     
   8.1500001214444637       0.30299919672549641       0.98803242005861502     
   8.2000001221895218       0.35240081846456867       0.97130611553139024     
   8.2500001229345798       0.40096612496481765       0.95215729430818241     
   8.3000001236796379       0.44857399038963924       0.93063133116464924     
   8.3500001244246960       0.49510555764124609       0.90677965375170488     
   8.4000001251697540       0.54044454100443484       0.88065961470852439     
   8.4500001259148121       0.58447752239600359       0.85233434865524915     
   8.5000001266598701       0.62709424046380458       0.82187261443674475     
   8.5500001274049282       0.66818787179798467       0.78934862302570874     
   8.6000001281499863       0.70765530353738071       0.75484185152931371     
   8.6500001288950443       0.74539739667624738       0.71843684377830919     
   8.7000001296401024       0.78131923940044001       0.68022299801101616     
   8.7500001303851604       0.81533038980779649       0.64029434219683745     
   8.8000001311302185       0.84734510739469482       0.59874929757471118     
   8.8500001318752766       0.87728257271953336       0.55569043101126148     
   8.9000001326203346       0.90506709468411806       0.51122419681119546     
   8.9500001333653927       0.93062830490556958       0.46546066863867874     
   9.0000001341104507       0.95390133868429872       0.41851326223293239     
   9.0500001348555088       0.97482700210776196       0.37049844962407752     
   9.1000001356005669       0.99335192486500867       0.32153546557624851     
   9.1500001363456249        1.0094286983833838       0.27174600700415302     
   9.2000001370906830        1.0230159989360579       0.22125392612653294     
   9.2500001378357410        1.0340786954072316       0.17018491813532924     
   9.3000001385807991        1.0425879414407957       0.11866620417274226     
   9.3500001393258572        1.0485212517378459        6.6826210419773407E-002
   9.4000001400709152        1.0518625623086240        1.4794244109207350E-002
   9.4500001408159733        1.0526022745251069       -3.7299832716674516E-002
   9.5000001415610313        1.0507372828614827       -8.9325930878087628E-002
   9.5500001423060894        1.0462709862510253      -0.14115406233068309     
   9.6000001430511475        1.0392132830293233      -0.19265466820954791     
   9.6500001437962055        1.0295805494753070      -0.24369894581534096     
   9.7000001445412636        1.0173956020029700      -0.29415917371667266     
   9.7500001452863216        1.0026876430979708      -0.34390903414793700     
   9.8000001460313797       0.98549219113434172      -0.39282393188896020     
   9.8500001467764378       0.96585099424721710      -0.44078130882201766     
   9.9000001475214958       0.94381192847770856      -0.48766095337297216     
   9.9500001482665539       0.91942888044572424      -0.53334530405646507     
   10.000000149011612       0.89276161484552774      -0.57771974636022316     
