   0.0000000000000000        0.0000000000000000        0.0000000000000000     
  0.10000000149011612        0.0000000000000000        0.0000000000000000     
  0.20000000298023224        0.0000000000000000        1.4111996590660510E-002
  0.30000000447034836        1.4111996800945646E-003  -1.5240744741096617E-002
  0.40000000596046448       -1.1287481672557650E-004   2.7354046704681709E-002
  0.50000000745058060        2.6225298945033006E-003  -2.9027348035020141E-002
  0.60000000894069672       -2.8020495225283262E-004   3.8641901822743914E-002
  0.70000001043081284        3.5839852876024796E-003  -4.0292976006617152E-002
  0.80000001192092896       -4.4531237310044876E-004   4.7043471080516090E-002
  0.90000001341104507        4.2590348050513946E-003  -4.8174167239912004E-002
   1.0000000149011612       -5.5838199072490938E-004   5.1854928580906089E-002
   1.1000000163912773        4.6271109446355645E-003  -5.2077883140530738E-002
   1.2000000178813934       -5.8067744701960269E-004   5.2658380997596795E-002
   1.3000000193715096        4.6851607312071789E-003  -5.1727283121733046E-002
   1.4000000208616257       -4.8756765804578404E-004   4.9356484747805858E-002
   1.5000000223517418        4.4480808902816957E-003  -4.7182588224291590E-002
   1.6000000238418579       -2.7017800245499827E-004   4.2181251519711423E-002
   1.7000000253319740        3.9479472123711071E-003  -3.8835368958294099E-002
   1.8000000268220901        6.4410258672487931E-005   3.1676348252015284E-002
   1.9000000283122063        3.2320451310754532E-003  -2.7376700095625303E-002
   2.0000000298023224        4.9437508071846102E-004   1.8654318043157717E-002
   2.1000000312924385        2.3598069128313330E-003  -1.3741699014533724E-002
   2.2000000327825546        9.8563699090123327E-004   4.1321530455754388E-003
   2.3000000342726707        1.3988523016161651E-003   9.6516027934851010E-004
   2.4000000357627869        1.4953683309892171E-003  -1.0749620393200224E-002
   2.5000000372529030        4.2040627565101212E-004   1.5558037706494641E-002
   2.6000000387430191        1.9762100694837590E-003  -2.4817867820554739E-002
   2.7000000402331352       -5.0557674955322004E-004   2.8864044651549094E-002
   2.8000000417232513        2.3808277586124674E-003  -3.6960508801375844E-002
   2.9000000432133675       -1.3152231766005670E-003   3.9816407335863779E-002
   3.0000000447034836        2.6664176163168816E-003  -4.6215422162558209E-002
   3.1000000461935997       -1.9551246688052849E-003   4.7539085957737703E-002
   3.2000000476837158        2.7987839978072435E-003  -5.1847481789511332E-002
   3.3000000491738319       -2.3859642584026582E-003   5.1416138260957950E-002
   3.4000000506639481        2.7556496443091531E-003  -5.3407558245383138E-002
   3.5000000521540642       -2.5851062598126243E-003   5.1140328748533345E-002
   3.6000000536441803        2.5289266912457381E-003  -5.0768761073513316E-002
   3.7000000551342964       -2.5479494917569428E-003   4.6737134791036680E-002
   3.8000000566244125        2.1257640569904836E-003  -4.4137013076246526E-002
   3.9000000581145287       -2.2879373164034432E-003   3.8562257165984229E-002
   4.0000000596046448        1.5682884576572209E-003  -3.4035096235894652E-002
   4.1000000610947609       -1.8352212166484897E-003   2.7272849463529862E-002
   4.2000000625848770        8.9206377034420923E-004  -2.1261425904001312E-002
   4.3000000640749931       -1.2340788517379154E-003   1.3774770636158201E-002
   4.4000000655651093        1.4339823240391240E-004  -6.8268266460715273E-003
   4.5000000670552254       -5.3928444237600476E-004  -8.4992858304489514E-004
   4.6000000685453415       -6.2427730194698652E-004   8.1256610849433347E-003
   4.7000000700354576        1.8828881865552553E-004  -1.5429503377105901E-002
   4.8000000715255737       -1.3546615420468163E-003   2.2411559419054733E-002
   4.9000000730156898        8.8649443325448289E-004  -2.8796103593480595E-002
   5.0000000745058060       -1.9931159690031149E-003   3.4899086725649058E-002
   5.1000000759959221        1.4967927555654824E-003  -3.9878998132298969E-002
   5.2000000774860382       -2.4911071170887525E-003   4.4599146916482556E-002
   5.3000000789761543        1.9688076410174110E-003  -4.7790010681999485E-002
   5.4000000804662704       -2.8101934983952030E-003   5.0744003114659465E-002
   5.5000000819563866        2.2642068886852009E-003  -5.1894364610885944E-002
   5.6000000834465027       -2.9252296497320226E-003   5.2848364356603110E-002
   5.7000000849366188        2.3596068646784883E-003  -5.1861298361007092E-002
   5.8000000864267349       -2.8265230487015780E-003   5.0748013922605827E-002
   5.9000000879168510        2.2482784191794384E-003  -4.7690425003925681E-002
   6.0000000894069672       -2.5207641522774003E-003   4.4612896252644259E-002
   6.1000000908970833        1.9405255394654218E-003  -3.9711742306521532E-002
   6.2000000923871994       -2.0306487503618386E-003   3.4933613697904410E-002
   6.3000000938773155        1.4627126714837433E-003  -2.8559298805714443E-002
   6.4000000953674316       -1.3932172516443724E-003   2.2482402488142331E-002
   6.5000000968575478        8.5502303067125102E-004  -1.5120619834965883E-002
   6.6000000983476639       -6.5703897535681656E-004   8.2516904823180318E-003
   6.7000000998377800        1.6813008517096366E-004  -4.6592807196525234E-004
   6.8000001013278961        1.2153727728015149E-004  -6.6248744977443720E-003
   6.9000001028180122       -5.4095018236611798E-004   1.4237197756682227E-002
   7.0000001043081284        8.8276961451718263E-004  -2.0962640012695263E-002
   7.1000001057982445       -1.2134944179891115E-003   2.7816923001226793E-002
   7.2000001072883606        1.5681979235840130E-003  -3.3620225973162360E-002
   7.3000001087784767       -1.7938247238302638E-003   3.9190595656564076E-002
   7.4000001102685928        2.1252349002246818E-003  -4.3590356915170117E-002
   7.5000001117587090       -2.2338008562470236E-003   4.7451076748851642E-002
   7.6000001132488251        2.5113068893457551E-003  -5.0080016940250188E-002
   7.7000001147389412       -2.4966948793043041E-003   5.1939082879897375E-002
   7.8000001162290573        2.6972134860806982E-003  -5.2573544507279996E-002
   7.9000001177191734       -2.5601410429879879E-003   5.2295776235065955E-002
   8.0000001192092896        2.6694366584453870E-003  -5.0873642581099707E-002
   8.1000001206994057       -2.4179276754722188E-003   4.8491411491801403E-002
   8.2000001221895218        2.4312135459657555E-003  -4.5117038265635498E-002
   8.3000001236796379       -2.0804903478274200E-003   4.0827756950576680E-002
   8.4000001251697540        2.0022854080683464E-003  -3.5763544899953051E-002
   8.5000001266598701       -1.5740691352187936E-003   2.9914096855726782E-002
   8.6000001281499863        1.4173405949293627E-003  -2.3559397863013670E-002
   8.7000001296401024       -9.3859922647824287E-004   1.6618726813678118E-002
   8.8000001311302185        7.2327347965340160E-004  -9.4777842814781771E-003
   8.9000001326203346       -2.2450496261741519E-004   1.9998067699733228E-003
   9.0000001341104507       -2.4524282640138613E-005   5.3586967527964472E-003
   9.1000001356005669        5.1134540062458653E-004  -1.2778919363748070E-002
   9.2000001370906830       -7.6654655479229425E-004   1.9767467670007682E-002
   9.3000001385807991        1.2102002416642962E-003  -2.6540822641963741E-002
   9.4000001400709152       -1.4438820620809856E-003   3.2600176532872727E-002
   9.5000001415610313        1.8161356397843355E-003  -3.8190121054968898E-002
   9.6000001430511475       -2.0028765226202689E-003   4.2834168744185108E-002
   9.7000001445412636        2.2805404156261274E-003  -4.6799176674147222E-002
   9.8000001460313797       -2.3993773215248027E-003   4.9653941007056279E-002
   9.9000001475214958        2.5660168531709627E-003  -5.1682402711279343E-002
   10.000000149011612       -2.6022234949697534E-003   5.2516090170628194E-002
