   0.0000000000000000        0.0000000000000000        0.0000000000000000     
  0.10000000149011612        0.0000000000000000        0.0000000000000000     
  0.20000000298023224        0.0000000000000000        9.9833419617133753E-003
  0.30000000447034836        9.9833421104767632E-004   2.8851941418294797E-002
  0.40000000596046448        3.8835283958698992E-003   5.5418935344442255E-002
  0.50000000745058060        9.4254220128947748E-003   8.8430524242182215E-002
  0.60000000894069672        1.8268474568884745E-002  0.12658748469952780     
  0.70000001043081284        3.0927223227467576E-002  0.16856613747562826     
  0.80000001192092896        4.7783837226213523E-002  0.21303857158957124     
  0.90000001341104507        6.9087694702622854E-002  0.25869194130877238     
   1.0000000149011612        9.4956889218981128E-002  0.30424667018284346     
   1.1000000163912773       0.12538155669062834       0.34847341418759364     
   1.2000000178813934       0.16022889862865355       0.39020865447132047     
   1.3000000193715096       0.19924976465724181       0.42836880897462248     
   1.4000000208616257       0.24208664619302334       0.46196277117192996     
   1.5000000223517418       0.28828292399859451       0.49010280320817889     
   1.6000000238418579       0.33729320504972249       0.51201372963251512     
   1.7000000253319740       0.38849457877593391       0.52704039662273949     
   1.8000000268220901       0.44119861922355924       0.53465337991517270     
   1.9000000283122063       0.49466395801177215       0.53445294247672870     
   2.0000000298023224       0.54810925305584202       0.52617126015790927     
   2.1000000312924385       0.60072637985568922       0.50967295003304403     
   2.2000000327825546       0.65169367561846547       0.48495395176092970     
   2.3000000342726707       0.70018907151719612       0.45213882698670871     
   2.4000000357627869       0.74540295488960640       0.41147655546456929     
   2.5000000372529030       0.78655061104921120       0.36333491912977506     
   2.6000000387430191       0.82288410350359997       0.30819357671610947     
   2.7000000402331352       0.85370346163445510       0.24663594163915895     
   2.8000000417232513       0.87836705616588717       0.17933998469502693     
   2.9000000432133675       0.89630105490262724       0.10706809061633291     
   3.0000000447034836       0.90700786412380441        3.0656103651370586E-002
   3.1000000461935997       0.91007347453462262       -4.8998297932714596E-002
   3.2000000476837158       0.90517364466833805      -0.13094775518608331     
   3.3000000491738319       0.89207886895460231      -0.21420776447797801     
   3.4000000506639481       0.87065809218761003      -0.29776945044094782     
   3.5000000521540642       0.84088114669980418      -0.38061243095093505     
   3.6000000536441803       0.80281990303755402      -0.46171763138734778     
   3.7000000551342964       0.75664813921080631      -0.54007990886012947     
   3.8000000566244125       0.70264014752001158      -0.61472035177421547     
   3.9000000581145287       0.64116811142658536      -0.68469812596462520     
   4.0000000596046448       0.57269829780984316      -0.74912174560792655     
   4.1000000610947609       0.49778612213277212      -0.80715965511976273     
   4.2000000625848770       0.41707015541803427      -0.85805001719770324     
   4.3000000640749931       0.33126515241966981      -0.90110961197102424     
   4.4000000655651093       0.24115418987980941      -0.93574176277501375     
   4.5000000670552254       0.14758001220794414      -0.96144321527245746     
   4.6000000685453415        5.1435689248036362E-002 -0.97780990838989434     
   4.7000000700354576       -4.6345303048003383E-002 -0.98454158770811795     
   4.8000000715255737      -0.14479946328589646      -0.98144522442954085     
   4.9000000730156898      -0.24294398719131788      -0.96843721572190500     
   5.0000000745058060      -0.33978771020659226      -0.94554435499005252     
   5.1000000759959221      -0.43434214711456842      -0.91290357333686811     
   5.2000000774860382      -0.52563250580858756      -0.87076046602403945     
   5.3000000789761543      -0.61270855370852573      -0.81946663001810405     
   5.4000000804662704      -0.69465521793143659      -0.75947585059566336     
   5.5000000819563866      -0.77060280412271009      -0.69133918637609959     
   5.6000000834465027      -0.83973672379049569      -0.61569901294812979     
   5.7000000849366188      -0.90130662600277167      -0.53328209536156534     
   5.8000000864267349      -0.95463483633358048      -0.44489176907800859     
   5.9000000879168510      -0.99912401390432171      -0.35139931743182312     
   6.0000000894069672       -1.0342639461711298      -0.25373464117181677     
   6.1000000908970833       -1.0596374106664055      -0.15287632216991720     
   6.2000000923871994       -1.0749250431112007       -4.9841188840527989E-002
   6.3000000938773155       -1.0799091620695227        5.4326504831888167E-002
   6.4000000953674316       -1.0744765115053811       0.15856617154378311     
   6.5000000968575478       -1.0586198941147209       0.26181213703522643     
   6.6000000983476639       -1.0324386800210679       0.36300492251883559     
   6.7000000998377800      -0.99613818722826486       0.46110244542747902     
   6.8000001013278961      -0.95002794199842078       0.55509102219875450     
   6.9000001028180122      -0.89451883895139528       0.64399605942679183     
   7.0000001043081284      -0.83011923204908722       0.72689232344044574     
   7.1000001057982445      -0.75742999862188864       0.80291368316980827     
   7.2000001072883606      -0.67713862910847322       0.87126222698845968     
   7.3000001087784767      -0.59001240511134534       0.93121666100566802     
   7.4000001102685928      -0.49689073762315761       0.98213990396049822     
   7.5000001117587090      -0.39867674576360529        1.0234858023598279     
   7.6000001132488251      -0.29632816400250983        1.0548048987183214     
   7.7000001147389412      -0.19084767255889590        1.0757491956074707     
   7.8000001162290573       -8.3272751395157607E-002   1.0860758686039875     
   7.9000001177191734        2.5334837083620304E-002   1.0856498920413356     
   8.0000001192092896       0.13389982790549826        1.0744455526043255     
   8.1000001206994057       0.24134438476697945        1.0525468371548687     
   8.2000001221895218       0.34659907005088331        1.0201466926248286     
   8.3000001236796379       0.44861374083350319       0.97754516724630480     
   8.4000001251697540       0.54636825901478947       0.92514645369789783     
   8.5000001266598701       0.63888290576315487       0.86345486581625686     
   8.6000001281499863       0.72522839363142855       0.79306979124676980     
   8.7000001296401024       0.80453537393787156       0.71467967268046040     
   8.8000001311302185       0.87600334227087329       0.62905508004547628     
   8.9000001326203346       0.93890885121278600       0.53704094509601918     
   9.0000001341104507       0.99261294652264132       0.43954803818073851     
   9.1000001356005669        1.0365677509956928       0.33754377449538486     
   9.2000001370906830        1.0703221289482108       0.23204244375796101     
   9.3000001385807991        1.0935263736697771       0.12409496292462774     
   9.4000001400709152        1.1059358701471558        1.4778256236609694E-002
   9.5000001415610313        1.1074136957928380       -9.4815629492299117E-002
   9.6000001430511475        1.0979321327023217      -0.20359056390547856     
   9.7000001445412636        1.0775730760084004      -0.31045741458597359     
   9.8000001460313797        1.0465273340871855      -0.41434505882750039     
   9.9000001475214958        1.0050928275870132      -0.51421121435392614     
   10.000000149011612       0.95367170538538626      -0.60905297958549975     
