   0.0000000000000000        0.0000000000000000        0.0000000000000000     
  0.17499999701976776        0.0000000000000000        0.0000000000000000     
  0.34999999403953552        0.0000000000000000      -0.15031354180203024     
  0.52499999105930328       -2.6304869367386029E-002 -0.27795541292727655     
  0.69999998807907104       -7.4947065801287738E-002 -0.23206407913584071     
  0.87499998509883881      -0.11555827895845501       -3.1922361156867557E-002
   1.0499999821186066      -0.12114469206577078       0.15119469587520196     
   1.2249999791383743       -9.4685620738205745E-002  0.16063138124816712     
   1.3999999761581421       -6.6575129498495325E-002   6.8335643105052468E-003
   1.5749999731779099       -6.5379255764522512E-002 -0.14310288004732541     
   1.7499999701976776       -9.0422259346324640E-002 -0.12862920014188911     
   1.9249999672174454      -0.11293236898781034        4.7553313379241985E-002
   2.0999999642372131      -0.10461053928816291       0.22218575877861479     
   2.2749999612569809       -6.5728032164070485E-002  0.23089715766575691     
   2.4499999582767487       -2.5321030260690179E-002   6.8796404023167196E-002
   2.6249999552965164       -1.3281659761665182E-002 -0.10451446317018695     
   2.7999999523162842       -3.1571690504970523E-002 -0.12041182816196259     
   2.9749999493360519       -5.2643760074458763E-002   3.4493761216166416E-002
   3.1499999463558197       -4.6607351964429063E-002  0.20559148976007924     
   3.3249999433755875       -1.0628841869125584E-002  0.22144106748297598     
   3.4999999403953552        2.8123344280449408E-002   6.1354833609789494E-002
   3.6749999374151230        3.8860439979310921E-002 -0.12414744357874330     
   3.8499999344348907        1.7134637723019056E-002 -0.15997697525830809     
   4.0249999314546585       -1.0861332470416322E-002  -1.7117510473437486E-002
   4.1999999284744263       -1.3856896752253725E-002  0.15924442044753156     
   4.3749999254941940        1.4010876351478942E-002  0.19154964326869467     
   4.5499999225139618        4.7532063352638085E-002   4.3254774846688215E-002
   4.7249999195337296        5.5101648821899246E-002 -0.14541764603783677     
   4.8999999165534973        2.9653561198656166E-002 -0.19425163833605721     
   5.0749999135732651       -4.3404749312388503E-003  -5.8863925844992143E-002
   5.2499999105930328       -1.4641661778684307E-002  0.12599538279463360     
   5.4249999076128006        7.4075298348810718E-003  0.17792482103272569     
   5.5999999046325684        3.8544372985350780E-002   4.4835650687696238E-002
   5.7749999016523361        4.6390611722076973E-002 -0.14426113815047351     
   5.9499998986721039        2.1144912975675802E-002 -0.20520100426289545     
   6.1249998956918716       -1.4765262158784254E-002  -7.8440058777621585E-002
   6.2999998927116394       -2.8492272211098440E-002  0.11277458665169923     
   6.4749998897314072       -8.7567198831455320E-003  0.18260532922034192     
   6.6499998867511749        2.3199212186208018E-002   6.3902625806854851E-002
   6.8249998837709427        3.4382171511962947E-002 -0.12633331912548298     
   6.9999998807907104        1.2273841041506056E-002 -0.20118551875972035     
   7.1749998778104782       -2.2933624141865436E-002  -8.6274683232863802E-002
   7.3499998748302460       -3.8031693450498005E-002  0.10761012420767541     
   7.5249998718500137       -1.9199922034857972E-002  0.19258037245934251     
   7.6999998688697815        1.4501642571592734E-002   8.6960021669932552E-002
   7.8749998658895493        2.9719646104669872E-002 -0.10504056339982737     
   8.0499998629093170        1.1337547822745358E-002 -0.19503706097144952     
   8.2249998599290848       -2.2793937266002571E-002  -9.4316397087021747E-002
   8.3999998569488525       -3.9299306475146609E-002   9.9586288943911694E-002
   8.5749998539686203       -2.1871706206752332E-002  0.19806261480368681     
   8.7499998509883881        1.2789250793620272E-002  0.10548263504280013     
   8.9249998480081558        3.1248711611747547E-002  -8.7480527600094823E-002
   9.0999998450279236        1.5939619542443242E-002 -0.19232276876919552     
   9.2749998420476913       -1.7716864418999455E-002 -0.10664491934313731     
   9.4499998390674591       -3.6379724986221856E-002   8.5936820986669785E-002
   9.6249998360872269       -2.1340781569666328E-002  0.19740077726465782     
   9.7999998331069946        1.3204353863348634E-002  0.11881209209411263     
   9.9749998301267624        3.3996469625730719E-002  -7.3360256965736129E-002
   10.149999827146530        2.1158424875357497E-002 -0.19184942379141981     
