   0.0000000000000000        0.0000000000000000        0.0000000000000000     
  0.15000000596046448        0.0000000000000000        0.0000000000000000     
  0.30000001192092896        0.0000000000000000        2.2415721645790830E-002
  0.45000001788139343        3.3623583804767371E-003   6.3381397734227546E-002
  0.60000002384185791        1.2869568418393439E-002  0.11861466904366669     
  0.75000002980232239        3.0661769481941964E-002  0.18358840996706752     
  0.90000003576278687        5.8200032071274291E-002  0.25369670310997350     
   1.0500000417232513        9.6254539049920512E-002  0.32441123542142747     
   1.2000000476837158       0.14491622629677628       0.39142485886675199     
   1.3500000536441803       0.20362995745986304       0.45077956393763519     
   1.5000000596046448       0.27124689473736391       0.49897664307945400     
   1.6500000655651093       0.34609339417341456       0.53306736238462249     
   1.8000000715255737       0.42605350170843703       0.55072300309244104     
   1.9500000774860382       0.50866195545486814       0.55028366954896668     
   2.1000000834465027       0.59120450916715939       0.53078577797161797     
   2.2500000894069672       0.67082237902663189       0.49196863203653096     
   2.4000000953674316       0.74461767676447310       0.43426094919268227     
   2.5500001013278961       0.80975682173177244       0.35874861883268916     
   2.7000001072883606       0.86356911669498415       0.26712534409981359     
   2.8500001132488251       0.90363791990214737       0.16162813827412320     
   3.0000001192092896       0.92788214160664462        4.4959910492843438E-002
   3.1500001251697540       0.93462612844855308       -7.9798418772995566E-002
   3.3000001311302185       0.92265636515696814      -0.20928368624948307     
   3.4500001370906830       0.89126381097211771      -0.33995146682262944     
   3.6000001430511475       0.84027108892245461      -0.46817957004001842     
   3.7500001490116119       0.77004415062588416      -0.59037138846442550     
   3.9000001549720764       0.68148843883733268      -0.70305652341863056     
   4.0500001609325409       0.57602995613399466      -0.80298625545476687     
   4.2000001668930054       0.45558201302960855      -0.88722161691387547     
   4.3500001728534698       0.32249876520427428      -0.95321205708866152     
   4.5000001788139343       0.17951695095938844      -0.99886296094549087     
   4.6500001847743988        2.9687500863877614E-002  -1.0225905836941727     
   4.8000001907348633      -0.12370109278536315       -1.0233632888422237     
   4.9500001966953278      -0.27720559221141727       -1.0007283195206602     
   5.1000002026557922      -0.42731484610432191      -0.95482368440226817     
   5.2500002086162567      -0.57053840445585480      -0.88637509296562733     
   5.4000002145767212      -0.70349467368390617      -0.79667822277775446     
   5.5500002205371857      -0.82299641184914163      -0.68756693667766056     
   5.7000002264976501      -0.92613145644900907      -0.56136838339499162     
   5.8500002324581146       -1.0103367173042741      -0.42084620486511293     
   6.0000002384185791       -1.0734636505424799      -0.26913333153914626     
   6.1500002443790436       -1.1138336518775116      -0.10965606828131785     
   6.3000002503395081       -1.1302820627733103        5.3948646247917814E-002
   6.4500002562999725       -1.1221897655145636       0.21792078786066421     
   6.6000002622604370       -1.0895016460365550       0.37846749467937252     
   6.7500002682209015       -1.0327315195788069       0.53185386538624368     
   6.9000002741813660      -0.95295343660077436       0.67449216617860008     
   7.0500002801418304      -0.85177960765369776       0.80302736005617581     
   7.2000002861022949      -0.73132549885885534       0.91441697362203633     
   7.3500002920627594      -0.59416294736520003        1.0060034617318532     
   7.5000002980232239      -0.44326242210917416        1.0755774155366669     
   7.6500003039836884      -0.28192580336773315        1.1214301803565789     
   7.8000003099441528      -0.11371126963000155        1.1423947012809275     
   7.9500003159046173        5.7647942371340605E-002   1.1378736906682985     
   8.1000003218650818       0.22832900275384108        1.1078545065652243     
   8.2500003278255463       0.39450718534195217        1.0529104378525851     
   8.4000003337860107       0.55244375729567519       0.97418840381246141     
   8.5500003397464752       0.69857202367415971       0.87338338585415132     
   8.7000003457069397       0.82957953675805307       0.75270021048435498     
   8.8500003516674042       0.94248457281714915       0.61480358860894491     
   9.0000003576278687        1.0347051147730058       0.46275758062931827     
   9.1500003635883331        1.1041187546256537       0.29995589375923559     
   9.3000003695487976        1.1491121404774154       0.13004462237460440     
   9.4500003755092621        1.1686188346087325       -4.3160790411056332E-002
   9.6000003814697266        1.1621447157898157      -0.21576246497930468     
   9.7500003874301910        1.1297803447568755      -0.38386888280856613     
   9.9000003933906555        1.0722000100475537      -0.54368354256276741     
   10.050000399351120       0.99064747542253218      -0.69159145509903386     
