   0.0000000000000000        0.0000000000000000        0.0000000000000000     
   1.2500000186264515E-002   0.0000000000000000        0.0000000000000000     
   2.5000000372529030E-002   0.0000000000000000        4.5784067467943773E-003
   3.7500000558793545E-002   5.7230085187724428E-005   1.3041661391079200E-002
   5.0000000745058060E-002   2.2025085500541316E-004   2.4156270429837125E-002
   6.2500000931322575E-002   5.2220423987783316E-004   3.6320251447348455E-002
   7.5000001117587090E-002   9.7620738973486286E-004   4.7785793087618308E-002
   8.7500001303851604E-002   1.5735298122308893E-003   5.6902182915330668E-002
  0.10000000149011612        2.2848071092713799E-003   6.2345239894829499E-002
  0.11250000167638063        3.0641226195694546E-003   6.3301363869072522E-002
  0.12500000186264515        3.8553896797236592E-003   5.9580621965899423E-002
  0.13750000204890966        4.6001474653951579E-003   5.1643154644618279E-002
  0.15000000223517418        5.2456869080721733E-003   4.0535231344940734E-002
  0.16250000242143869        5.7523773074342078E-003   2.7743843028670855E-002
  0.17500000260770321        6.0991753504602867E-003   1.4990041034999960E-002
  0.18750000279396772        6.2865508661898986E-003   3.9897449991947598E-003
  0.20000000298023224        6.3364226794229810E-003  -3.7847361110925470E-003
  0.21250000316649675        6.2891134773293625E-003  -7.3093249001297857E-003
  0.22500000335276127        6.1977469147162720E-003  -6.1504992015149248E-003
  0.23750000353902578        6.1208656735517158E-003  -5.2553766908988546E-004
  0.25000000372529030        6.1142964525902031E-003   8.7276859178623996E-003
  0.26250000391155481        6.2233925281891412E-003   2.0267161504111432E-002
  0.27500000409781933        6.4767320507655868E-003   3.2433268757624159E-002
  0.28750000428408384        6.8821479162770559E-003   4.3479445947339809E-002
  0.30000000447034836        7.4256409987174810E-003   5.1814942241162822E-002
  0.31250000465661287        8.0733277863833004E-003   5.6225914554513708E-002
  0.32500000484287739        8.7761517287876147E-003   5.6044139857240487E-002
  0.33750000502914190        9.4767034874421556E-003   5.1239894499668120E-002
  0.35000000521540642        1.0117202178232181E-002   4.2426091747242246E-002
  0.36250000540167093        1.0647528332975185E-002   3.0773102469840628E-002
  0.37500000558793545        1.1032192119580130E-002   1.7846097612175010E-002
  0.38750000577419996        1.1255268343056412E-002   5.3875193633997620E-003
  0.40000000596046448        1.1322612336102413E-002  -4.9250857813577104E-003
  0.41250000614672899        1.1261048762918072E-002  -1.1712214553272867E-002
  0.42500000633299351        1.1114646078820591E-002  -1.4084131081630187E-002
  0.43750000651925802        1.0938594437676840E-002  -1.1764520966696154E-002
  0.45000000670552254        1.0791537923401826E-002  -5.1288892215659949E-003
  0.46250000689178705        1.0727426807176921E-002   4.8476346461881212E-003
  0.47500000707805157        1.0788022241157215E-002   1.6725830115293921E-002
  0.48750000726431608        1.0997095120713818E-002   2.8802420606098500E-002
  0.50000000745058060        1.1357125383654918E-002   3.9346808100582359E-002
  0.51250000763684511        1.1848960492241111E-002   4.6841604923130817E-002
  0.52500000782310963        1.2434480562505176E-002   5.0193532430658314E-002
  0.53750000800937414        1.3061899727237678E-002   4.8885374908690736E-002
  0.55000000819563866        1.3672966922701923E-002   4.3047869398089723E-002
  0.56250000838190317        1.4211065298196336E-002   3.3441539862598416E-002
  0.57500000856816769        1.4629084552707788E-002   2.1351000471599359E-002
  0.58750000875443220        1.4895972062579714E-002   8.4064182315227651E-003
  0.60000000894069672        1.5001052292039567E-002  -3.6430510601819215E-003
  0.61250000912696123        1.4955514153108721E-002  -1.3172364588339305E-002
  0.62500000931322575        1.4790859593300936E-002  -1.8906444578366467E-002
  0.63750000949949026        1.4554529032549756E-002  -2.0097390644868787E-002
  0.65000000968575478        1.4303311645745467E-002  -1.6628422614152542E-002
  0.66250000987201929        1.4095456359971274E-002  -9.0301073518033008E-003
  0.67500001005828381        1.3982580016391745E-002   1.5933856870011271E-003
  0.68750001024454832        1.4002497337776051E-002   1.3717750830380236E-002
  0.70000001043081284        1.4173969225710934E-002   2.5610404999402994E-002
  0.71250001061707735        1.4494099292973781E-002   3.5571293809245043E-002
  0.72500001080334187        1.4938740472215013E-002   4.2169176584230292E-002
  0.73750001098960638        1.5465855187372512E-002   4.4440550271213047E-002
  0.75000001117587090        1.6021362074040372E-002   4.2023564859521113E-002
  0.76250001136213541        1.6546656642611884E-002   3.5208318105563012E-002
  0.77500001154839993        1.6986760625489483E-002   2.4896539362503464E-002
  0.78750001173466444        1.7297967372158118E-002   1.2476265848927470E-002
  0.80000001192092896        1.7453920697593595E-002  -3.7107055409252299E-004
  0.81250001210719347        1.7449282315598322E-002  -1.1904333981599447E-002
  0.82500001229345798        1.7300478138610974E-002  -2.0564673295411388E-002
  0.83750001247972250        1.7043419718587863E-002  -2.5192176083223758E-002
  0.85000001266598701        1.6728517512855159E-002  -2.5187076341346135E-002
  0.86250001285225153        1.6413679053896874E-002  -2.0593110429248884E-002
  0.87500001303851604        1.6156265169695497E-002  -1.2091436087868557E-002
  0.88750001322478056        1.6005122216344935E-002  -9.0595968475901470E-004
  0.90000001341104507        1.5993797720116699E-002   1.1366770244475837E-002
  0.91250001359730959        1.6135882350289874E-002   2.2979460953808799E-002
  0.92500001378357410        1.6423125616492742E-002   3.2276924509740276E-002
  0.93750001396983862        1.6826587178876543E-002   3.7926125567050703E-002
  0.95000001415610313        1.7300663755528967E-002   3.9101454763108869E-002
  0.96250001434236765        1.7789431947351039E-002   3.5599477553165525E-002
  0.97500001452863216        1.8234425423396528E-002   2.7867210147993086E-002
  0.98750001471489668        1.8582765555437114E-002   1.6939992630185877E-002
   1.0000000149011612        1.8794515466469756E-002   4.2975939398902287E-003
   1.0125000150874257        1.8848235391518874E-002  -8.3414520552381240E-003
   1.0250000152736902        1.8743967239274680E-002  -1.9258695253098194E-002
   1.0375000154599547        1.8503233545023742E-002  -2.6974606444142200E-002
   1.0500000156462193        1.8166050959447552E-002  -3.0454208150725255E-002
   1.0625000158324838        1.7785373351890947E-002  -2.9250919625148909E-002
   1.0750000160187483        1.7419736851128177E-002  -2.3568623743080660E-002
   1.0875000162050128        1.7125129049949669E-002  -1.4233329439295667E-002
   1.1000000163912773        1.6947212429307308E-002  -2.5783681745623118E-003
   1.1125000165775418        1.6914982826645022E-002   9.7409196255558265E-003
   1.1250000167638063        1.7036744323778857E-002   2.0977252399861167E-002
   1.1375000169500709        1.7298959982684440E-002   2.9534253627323911E-002
   1.1500000171363354        1.7668138158527174E-002   3.4188324432758967E-002
   1.1625000173225999        1.8095492220304734E-002   3.4258705712229699E-002
   1.1750000175088644        1.8523726048088787E-002   2.9702093735211856E-002
   1.1875000176951289        1.8895002225311382E-002   2.1118659097497529E-002
   1.2000000178813934        1.9158985467963758E-002   9.6686324828783119E-003
   1.2125000180676579        1.9279843375800659E-002  -3.0889494577105645E-003
   1.2250000182539225        1.9241231507003916E-002  -1.5412926243488449E-002
   1.2375000184401870        1.9048569926089429E-002  -2.5622008201895134E-002
   1.2500000186264515        1.8728294818793269E-002  -3.2328450039898156E-002
   1.2625000188127160        1.8324189187272900E-002  -3.4630926282483557E-002
   1.2750000189989805        1.7891302602291343E-002  -3.2239801830980755E-002
   1.2875000191852450        1.7488305073398953E-002  -2.5517386941934988E-002
   1.3000000193715096        1.7169337731871782E-002  -1.5427581797169921E-002
   1.3125000195577741        1.6976492956533546E-002  -3.4019093016296083E-003
   1.3250000197440386        1.6933969089629523E-002   8.8594444922932385E-003
   1.3375000199303031        1.7044712147433388E-002   1.9623929985783141E-002
   1.3500000201165676        1.7290011275910920E-002   2.7367431617349704E-002
   1.3625000203028321        1.7632104176225374E-002   3.0986096235614345E-002
   1.3750000204890966        1.8019430384942164E-002   2.9949751346292710E-002
   1.3875000206753612        1.8393802282349398E-002   2.4375590435861020E-002
   1.4000000208616257        1.8698497167337968E-002   1.5011884235626259E-002
   1.4125000210478902        1.8886145723079478E-002   3.1339818130225235E-003
   1.4250000212341547        1.8925320496326010E-002  -9.6329442457092178E-003
   1.4375000214204192        1.8804908691460370E-002  -2.1539772842404496E-002
   1.4500000216066837        1.8535661526918219E-002  -3.0956536378979181E-002
   1.4625000217929482        1.8148704816414875E-002  -3.6598962298935604E-002
   1.4750000219792128        1.7691217780861093E-002  -3.7706968335776470E-002
   1.4875000221654773        1.7219880669640416E-002  -3.4150303348260899E-002
   1.5000000223517418        1.6793001871426166E-002  -2.6446651275585938E-002
   1.5125000225380063        1.6462418725555268E-002  -1.5689682037870478E-002
   1.5250000227242708        1.6266297697159458E-002  -3.3970492095392029E-003
   1.5375000229105353        1.6223834581407467E-002   8.7005395282167206E-003
   1.5500000230967999        1.6332591327130778E-002   1.8899863164049974E-002
   1.5625000232830644        1.6568839620201777E-002   2.5761907860710326E-002
   1.5750000234693289        1.6890863473259184E-002   2.8311866645148117E-002
   1.5875000236555934        1.7244761811597033E-002   2.6174621376224366E-002
   1.6000000238418579        1.7571944583675243E-002   1.9626877061961454E-002
   1.6125000240281224        1.7817280550605552E-002   9.5587026514837355E-003
   1.6250000242143869        1.7936764335529546E-002  -2.6501764538079606E-003
   1.6375000244006515        1.7903637129363312E-002  -1.5322140713421164E-002
   1.6500000245869160        1.7712110367591575E-002  -2.6714841545463174E-002
   1.6625000247731805        1.7378174843297258E-002  -3.5263362812910121E-002
   1.6750000249594450        1.6937382801567570E-002  -3.9797721941617847E-002
   1.6875000251457095        1.6439911269884443E-002  -3.9705481328612430E-002
   1.7000000253319740        1.5943592745881065E-002  -3.5016869532347832E-002
   1.7125000255182385        1.5505881870204317E-002  -2.6400581695997974E-002
   1.7250000257045031        1.5175874594086852E-002  -1.5070842880237342E-002
   1.7375000258907676        1.4987489055276722E-002  -2.6186510852193486E-003
   1.7500000260770321        1.4954755916223719E-002   9.2093453908146331E-003
   1.7625000262632966        1.5069872735324275E-002   1.8753603579689485E-002
   1.7750000264495611        1.5304292783563525E-002   2.4672335126125020E-002
   1.7875000266358256        1.5612696977235668E-002   2.6127992490649579E-002
   1.8000000268220901        1.5939296888235505E-002   2.2903673333080035E-002
   1.8125000270083547        1.6225592809165145E-002   1.5433264641919225E-002
   1.8250000271946192        1.6418508620063804E-002   4.7411370357523797E-003
   1.8375000273808837        1.6477772833893813E-002  -7.7002291896185494E-003
   1.8500000275671482        1.6381519967589301E-002  -2.0174898457923446E-002
   1.8625000277534127        1.6129333733107390E-002  -3.0961970910117619E-002
   1.8750000279396772        1.5742309090963802E-002  -3.8574763388215999E-002
   1.8875000281259418        1.5260124541425992E-002  -4.1967437892909139E-002
   1.9000000283122063        1.4735531559947584E-002  -4.0680359307658981E-002
   1.9125000284984708        1.4227027061024539E-002  -3.4903979880186273E-002
   1.9250000286847353        1.3790727306020838E-002  -2.5452371491357990E-002
   1.9375000288709998        1.3472572657637990E-002  -1.3650084322095286E-002
   1.9500000290572643        1.3301946601069273E-002  -1.1480568387196664E-003
   1.9625000292435288        1.3287595890371434E-002   1.0305837197342439E-002
   1.9750000294297934        1.3416418857257827E-002   1.9109714227277461E-002
   1.9875000296160579        1.3655290288658256E-002   2.4030315958586779E-002
   2.0000000298023224        1.3955669242616585E-002   2.4374411114438065E-002
   2.0125000299885869        1.4260349386087149E-002   2.0085141638239094E-002
   2.0250000301748514        1.4511413660306286E-002   1.1749922699900413E-002
   2.0375000303611159        1.4658287696243635E-002   5.1879852391760635E-004
   2.0500000305473804        1.4664772677889239E-002  -1.2055398664462870E-002
   2.0625000307336450        1.4514080192337960E-002  -2.4232871103848082E-002
   2.0750000309199095        1.4211169299026135E-002  -3.4328663337976323E-002
   2.0875000311061740        1.3782061000907219E-002  -4.0946847828228571E-002
   2.1000000312924385        1.3270225395427417E-002  -4.3174540105576677E-002
   2.1125000314787030        1.2730543636065824E-002  -4.0708778312007372E-002
   2.1250000316649675        1.2221683899583131E-002  -3.3898632808200241E-002
   2.1375000318512321        1.1797950983166515E-002  -2.3696693253162322E-002
   2.1500000320374966        1.1501742313088132E-002  -1.1526675711862088E-002
   2.1625000322237611        1.1357658864542845E-002   9.1444961528981163E-004
   2.1750000324100256        1.1369089484904298E-002   1.1892308811585392E-002
   2.1875000325962901        1.1517743347264230E-002   1.9876173198375008E-002
   2.2000000327825546        1.1766195515946144E-002   2.3751704694044046E-002
   2.2125000329688191        1.2063091829045794E-002   2.2975829215434299E-002
   2.2250000331550837        1.2350289698518304E-002   1.7652213079675717E-002
   2.2375000333413482        1.2570942365302231E-002   8.5168523373432004E-003
   2.2500000335276127        1.2677403021105408E-002  -3.1642220994609564E-003
   2.2625000337138772        1.2637850244272763E-002  -1.5770906105329809E-002
   2.2750000339001417        1.2440713915018579E-002  -2.7554194778071105E-002
   2.2875000340864062        1.2096286475160322E-002  -3.6879270125905764E-002
   2.3000000342726707        1.1635295591717200E-002  -4.2452718520912348E-002
   2.3125000344589353        1.1104636602298360E-002  -4.3502298154923416E-002
   2.3250000346451998        1.0560857867258883E-002  -3.9884271560618599E-002
   2.3375000348314643        1.0062304465322126E-002  -3.2103385612613382E-002
   2.3500000350177288        9.6610121391847367E-003  -2.1242722092399337E-002
   2.3625000352039933        9.3954781090729803E-003  -8.8131685190731245E-003
   2.3750000353902578        9.2853135009429849E-003   3.4565694941134425E-003
   2.3875000355765224        9.3285206202632399E-003   1.3860229275564944E-002
   2.4000000357627869        9.5017734887894705E-003   2.0951132901513039E-002
   2.4125000359490514        9.7636626539608362E-003   2.3743250675922443E-002
   2.4250000361353159        1.0060453291832392E-002   2.1848241525029861E-002
   2.4375000363215804        1.0333556314964817E-002   1.5529423780579633E-002
   2.4500000365078449        1.0527674115114643E-002   5.6651752358272533E-003
   2.4625000366941094        1.0598488806617705E-002  -6.3731506908117231E-003
   2.4750000368803740        1.0518824421795466E-002  -1.8911824891309346E-002
   2.4875000370666385        1.0282426607131497E-002  -3.0207368115995396E-002
   2.5000000372529030        9.9048345000549935E-003  -3.8688870727513494E-002
   2.5125000374391675        9.4212236087547110E-003  -4.3176327907436952E-002
   2.5250000376254320        8.8815195018695312E-003  -4.3044645048785829E-002
   2.5375000378116965        8.3434614307420184E-003  -3.8310519083879717E-002
   2.5500000379979610        7.8645799350576320E-003  -2.9630120566604516E-002
   2.5625000381842256        7.4942034224560359E-003  -1.8207898663940656E-002
   2.5750000383704901        7.2666046857652921E-003  -5.6291837727551440E-003
   2.5875000385567546        7.1962398875573359E-003   6.3601465533502672E-003
   2.6000000387430191        7.2757417206588838E-003   1.6096315289175933E-002
   2.6125000389292836        7.4769456647717555E-003   2.2228882905069615E-002
   2.6250000391155481        7.7548067052255780E-003   2.3908435202002965E-002
   2.6375000393018126        8.0536621497039086E-003   2.0904636266177130E-002
   2.6500000394880772        8.3149701069249148E-003   1.3638238981918807E-002
   2.6625000396743417        8.4854480967392204E-003   3.1226041297567741E-003
   2.6750000398606062        8.5244806489428102E-003  -9.1771439758412381E-003
   2.6875000400468707        8.4097663475354179E-003  -2.1547750088806449E-002
   2.7000000402331352        8.1404194674117563E-003  -3.2265947045127537E-002
   2.7125000404193997        7.7370951233376615E-003  -3.9837966273470853E-002
   2.7250000406056643        7.2391205374988761E-003  -4.3207151491536977E-002
   2.7375000407919288        6.6990311358067047E-003  -4.1900820448017184E-002
   2.7500000409781933        6.1752708724018539E-003  -3.6095963165836714E-002
   2.7625000411644578        5.7240713261054984E-003  -2.6594645631788066E-002
   2.7750000413507223        5.3916382507545090E-003  -1.4712537444549777E-002
   2.7875000415369868        5.2077315299572128E-003  -2.0960563789080670E-003
   2.8000000417232513        5.1815308248304411E-003   9.5064560152072954E-003
   2.8125000419095159        5.3003615267912477E-003   1.8487724674650416E-002
   2.8250000420957804        5.5314580886679848E-003   2.3604925202932406E-002
   2.8375000422820449        5.8265196581014003E-003   2.4152414971631751E-002
   2.8500000424683094        6.1284248497455347E-003   2.0059804152895433E-002
   2.8625000426545739        6.3791724053931572E-003   1.1901736304358349E-002
   2.8750000428408384        6.5279441114145078E-003   8.1801915449475175E-004
   2.8875000430271029        6.5381693509980604E-003  -1.1644793807688446E-002
   2.9000000432133675        6.3926094262329427E-003  -2.3748353193583711E-002
   2.9125000433996320        6.0957550068896707E-003  -3.3804120271399625E-002
   2.9250000435858965        5.6732034972006677E-003  -4.0408050588494997E-002
   2.9375000437721610        5.1681028573178946E-003  -4.2635737212401881E-002
   2.9500000439584255        4.6351561342213464E-003  -4.0170891653731125E-002
   2.9625000441446900        4.1330199810672959E-003  -3.3349305580461619E-002
   2.9750000443309546        3.7161536550997334E-003  -2.3112183315066759E-002
   2.9875000445172191        3.4272513593564193E-003  -1.0875331185957115E-002
   3.0000000447034836        3.2913097175062671E-003   1.6676155803457028E-003
   3.0125000448897481        3.3121549125712060E-003   1.2780579963296221E-002
   3.0250000450760126        3.4719121644929771E-003   2.0926329028647335E-002
   3.0375000452622771        3.7334912812489011E-003   2.4980123524976125E-002
   3.0500000454485416        4.0457428299640131E-003   2.4386037158655258E-002
   3.0625000456348062        4.3505682989894573E-003   1.9234219550504715E-002
   3.0750000458210707        4.5909960469534185E-003   1.0248364500803422E-002
   3.0875000460073352        4.7191006051223684E-003  -1.3148747169732435E-003
   3.1000000461935997        4.7026646709152882E-003  -1.3840543292225152E-002
   3.1125000463798642        4.5296578771844721E-003  -2.5579841251560514E-002
   3.1250000465661287        4.2099098567753490E-003  -3.4893182255843570E-002
   3.1375000467523932        3.7737450720779428E-003  -4.0478073351153075E-002
   3.1500000469386578        3.2677691476489007E-003  -4.1550143860934120E-002
   3.1625000471249223        2.7483923416479067E-003  -3.7952163162009708E-002
   3.1750000473111868        2.2739902950536439E-003  -3.0175895534836478E-002
   3.1875000474974513        1.8967915952474894E-003  -1.9293754596733697E-002
   3.2000000476837158        1.6556196591945764E-003  -6.8097563101555663E-003
   3.2125000478699803        1.5704977040492160E-003   5.5495141737178042E-003
   3.2250000480562449        1.6398666322543661E-003   1.6074869413073584E-002
   3.2375000482425094        1.8408025029119637E-003   2.3312068573569905E-002
   3.2500000484287739        2.1322033644237985E-003   2.6263932649921117E-002
   3.2625000486150384        2.4605025274398512E-003   2.4528935075467884E-002
   3.2750000488013029        2.7671142204520700E-003   1.8357005737203357E-002
   3.2875000489875674        2.9965767955863706E-003   8.6147924887187144E-003
   3.3000000491738319        3.1042617032999847E-003  -3.3347917185268076E-003
   3.3125000493600965        3.0625768061972461E-003  -1.5821994972421649E-002
   3.3250000495463610        2.8648018660948991E-003  -2.7102298459532118E-002
   3.3375000497326255        2.5260231303025514E-003  -3.5598879966918212E-002
   3.3500000499188900        2.0810371240852655E-003  -4.0121770094667469E-002
   3.3625000501051545        1.5795149904286601E-003  -4.0033241805396420E-002
   3.3750000502914190        1.0790994604044325E-003  -3.5336446683745221E-002
   3.3875000504776835        6.3739387027569113E-004  -2.6674978816506153E-002
   3.4000000506639481        3.0395663010076223E-004  -1.5243426907323327E-002
   3.4125000508502126        1.1341379091991114E-004  -2.6213465187838701E-003
   3.4250000510364771        8.0646958946848930E-005   9.4462722300394947E-003
   3.4375000512227416        1.9872536358184792E-004   1.9291529866233517E-002
   3.4500000514090061        4.3986949050309437E-004   2.5555428358792057E-002
   3.4625000515952706        7.5931234974806455E-004   2.7376749339651646E-002
   3.4750000517815351        1.1015217215930269E-003   2.4511748555800891E-002
   3.4875000519677997        1.4079185831062070E-003   1.7368030847784714E-002
   3.5000000521540642        1.6250189719385637E-003   6.9478975488863649E-003
   3.5125000523403287        1.7118676925937900E-003  -5.2909598468234842E-003
   3.5250000525265932        1.6457306935229784E-003  -1.7638058290377935E-002
   3.5375000527128577        1.4252549616079098E-003  -2.8367855939035583E-002
   3.5500000528991222        1.0706567570860400E-003  -3.5979577841784446E-002
   3.5625000530853868        6.2091202736201580E-004  -3.9405802433789584E-002
   3.5750000532716513        1.2833948959974334E-004  -3.8160818495829092E-002
   3.5875000534579158       -3.4867074870612664E-004  -3.2408133222251181E-002
   3.6000000536441803       -7.5377242002075168E-004  -2.2937748804788362E-002
   3.6125000538304448       -1.0404942843530948E-003  -1.1056365740760323E-002
   3.6250000540167093       -1.1786988581720074E-003   1.5942270674631429E-003
   3.6375000542029738       -1.1587710195317701E-003   1.3265334413263873E-002
   3.6500000543892384       -9.9295433689511065E-004   2.2344395252274350E-002
   3.6625000545755029       -7.1364939207971332E-004   2.7579102613609161E-002
   3.6750000547617674       -3.6891060427259064E-004   2.8251453703699119E-002
   3.6875000549480319       -1.5767427714108353E-005   2.4277539890773074E-002
   3.7000000551342964        2.8770182544259927E-004   1.6219207282915250E-002
   3.7125000553205609        4.9044191950010268E-004   5.2059672570475991E-003
   3.7250000555068254        5.5551651118288469E-004  -7.2219898147614231E-003
   3.7375000556930900        4.6524163715316646E-004  -1.9327858942057480E-002
   3.7500000558793545        2.2364339677735369E-004  -2.9419611309757315E-002
   3.7625000560656190       -1.4410175007444238E-004  -3.6085161847316451E-002
   3.7750000562518835       -5.9516627988728311E-004  -3.8388628865102407E-002
   3.7875000564381480       -1.0750241478515025E-003  -3.6000408659482910E-002
   3.8000000566244125       -1.5250292628006374E-003  -2.9242986698847631E-002
   3.8125000568106771       -1.8905666019831636E-003  -1.9046118333883102E-002
   3.8250000569969416       -2.1286430847043186E-003  -6.8176082303676392E-003
   3.8375000571832061       -2.2138631888537928E-003   5.7523517859273503E-003
   3.8500000573694706       -2.1419587904582421E-003   1.6926092414475638E-002
   3.8625000575557351       -1.9303826321245663E-003   2.5159975229049843E-002
   3.8750000577419996       -1.6158829370750327E-003   2.9318933710555436E-002
   3.8875000579282641       -1.2493962602320129E-003   2.8834229029587599E-002
   3.9000000581145287       -8.8896839199137422E-004   2.3782494929047569E-002
   3.9125000583007932       -5.9168720094844476E-004   1.4875085672711634E-002
   3.9250000584870577       -4.0574862726884873E-004   3.3592075325190509E-003
   3.9375000586733222       -3.6375853248665942E-004  -9.1554249689341435E-003
   3.9500000588595867       -4.7820134630366699E-004  -2.0920315920167035E-002
   3.9625000590458512       -7.3970529920246750E-004  -3.0291203362657206E-002
   3.9750000592321157       -1.1183453468778589E-003  -3.5956587683784860E-002
   3.9875000594183803       -1.5678026996226060E-003  -3.7120011097028782E-002
   4.0000000596046448       -2.0318028452496065E-003  -3.3610754139618317E-002
   4.0125000597909093       -2.4519372782553263E-003  -2.5907564061515842E-002
   4.0250000599771738       -2.7757818338499341E-003  -1.5072117221340522E-002
   4.0375000601634383       -2.9641833019240912E-003  -2.6014632022519097E-003
   4.0500000603497028       -2.9967015924368002E-003   9.7800413329573940E-003
   4.0625000605359674       -2.8744510739531579E-003   2.0360391024219111E-002
   4.0750000607222319       -2.6199461823580008E-003   2.7677873571105530E-002
   4.0875000609084964       -2.2739727575637760E-003   3.0724224586187086E-002
   4.1000000610947609       -1.8899199445136046E-003   2.9084760116163521E-002
   4.1125000612810254       -1.5263604376441018E-003   2.2996010545835211E-002
   4.1250000614672899       -1.2389103015378209E-003   1.3312845650507960E-002
   4.1375000616535544       -1.0724997284267607E-003   1.3896599134600920E-003
   4.1500000618398190       -1.0551289792496653E-003  -1.1107868461443147E-002
   4.1625000620260835       -1.1939773370867064E-003  -2.2434282213568128E-002
   4.1750000622123480       -1.4744058689350186E-003  -3.1006937745648840E-002
   4.1875000623986125       -1.8619925965311212E-003  -3.5625969209277242E-002
   4.2000000625848770       -2.3073172182829405E-003  -3.5641052300147837E-002
   4.2125000627711415       -2.7528303786734519E-003  -3.1041790137043883E-002
   4.2250000629574060       -3.1408527611684845E-003  -2.2459158964935045E-002
   4.2375000631436706       -3.4215922524135169E-003  -1.1077812751581938E-002
   4.2500000633299351       -3.5600649138716944E-003   1.5285649976396511E-003
   4.2625000635161996       -3.5409578511164815E-003   1.3615978618052900E-002
   4.2750000637024641       -3.3707581158546468E-003   2.3512508474642899E-002
   4.2875000638887286       -3.0768517555420645E-003   2.9850681697234236E-002
   4.3000000640749931       -2.7037182287665139E-003   3.1757529470860565E-002
   4.3125000642612576       -2.3067491044654561E-003   2.8975915814285120E-002
   4.3250000644475222       -1.9445501513897072E-003   2.1900274995372872E-002
   4.3375000646337867       -1.6707967098683022E-003   1.1521790627102136E-002
   4.3500000648200512       -1.5267743248834247E-003  -7.0936428569104773E-004
   4.3625000650063157       -1.5356413785866921E-003  -1.3085579814864218E-002
   4.3750000651925802       -1.6992111287098739E-003  -2.3879141371399699E-002
   4.3875000653788447       -1.9977004003002069E-003  -3.1582356194226099E-002
   4.4000000655651093       -2.3924798586107054E-003  -3.5117100143056544E-002
   4.4125000657513738       -2.8314436169399821E-003  -3.3984660984586398E-002
   4.4250000659376383       -3.2562518855774485E-003  -2.8335052238951768E-002
   4.4375000661239028       -3.6104400438421603E-003  -1.8946164018227830E-002
   4.4500000663101673       -3.8472670975990063E-003  -7.1156485727933497E-003
   4.4625000664964318       -3.9362127060843157E-003   5.5194331929044223E-003
   4.4750000666826963       -3.8672197901449359E-003   1.7210137849299388E-002
   4.4875000668689609       -3.6520930638230557E-003   2.6338715550768124E-002
   4.5000000670552254       -3.3228591145324860E-003   3.1643452249941681E-002
   4.5125000672414899       -2.9273159555141628E-003   3.2394028375895952E-002
   4.5250000674277544       -2.5223905947816053E-003   2.8493021792253180E-002
   4.5375000676140189       -2.1662278170712017E-003   2.0489447670777598E-002
   4.5500000678002834       -1.9101097173700246E-003   9.5024534442599302E-003
   4.5625000679865479       -1.7913290475468056E-003  -2.9342259227485932E-003
   4.5750000681728125       -1.8280068721277052E-003  -1.5085433998565372E-002
   4.5875000683590770       -2.0165747999196532E-003  -2.5255753450100057E-002
   4.6000000685453415       -2.3322717227501548E-003  -3.2025143466381169E-002
   4.6125000687316060       -2.7325860220450671E-003  -3.4446304029188919E-002
   4.6250000689178705       -3.1631648288260525E-003  -3.2176336405077603E-002
   4.6375000691041350       -3.5653690398828324E-003  -2.5524401056990439E-002
   4.6500000692903996       -3.8844240578495030E-003  -1.5408749252170005E-002
   4.6625000694766641       -4.0770334263717312E-003  -3.2291003181623024E-003
   4.6750000696629286       -4.1173971809502271E-003   9.3278978364816634E-003
   4.6875000698491931       -4.0007984562567501E-003   2.0523086913788555E-002
   4.7000000700354576       -3.7442598660116701E-003   2.8806514573944366E-002
   4.7125000702217221       -3.3841784284717341E-003   3.3032854050127548E-002
   4.7250000704079866       -2.9712677466922910E-003   3.2620586986942632E-002
   4.7375000705942512       -2.5635104032794504E-003   2.7632825513689282E-002
   4.7500000707805157       -2.2181000792113196E-003   1.8768540515862353E-002
   4.7625000709667802       -1.9834933192671269E-003   7.2654152413386425E-003
   4.7750000711530447       -1.8926756273971047E-003  -5.2721738906217827E-003
   4.7875000713393092       -1.9585778020118957E-003  -1.7096141231664468E-002
   4.8000000715255737       -2.1722795705921062E-003  -2.6557649228284508E-002
   4.8125000717118382       -2.5042501908924104E-003  -3.2336271762129346E-002
   4.8250000718981028       -2.9084535939421273E-003  -3.3623513294874008E-002
   4.8375000720843673       -3.3287475163909200E-003  -3.0235177453441515E-002
   4.8500000722706318       -3.7066872401906796E-003  -2.2636967534818017E-002
   4.8625000724568963       -3.9896493385923682E-003  -1.1879760850566308E-002
   4.8750000726431608       -4.1381463514372253E-003   5.4644720912301777E-004
   4.8875000728294253       -4.1313157612214036E-003   1.2919629842470796E-002
   4.9000000730156898       -3.9698203857840503E-003   2.3525064343337371E-002
   4.9125000732019544       -3.6757570771104487E-003   3.0893652460415318E-002
   4.9250000733882189       -3.2895864156008659E-003   3.4006102710269034E-002
   4.9375000735744834       -2.8645101253883727E-003   3.2434596414264057E-002
   4.9500000737607479       -2.4590776641686576E-003   2.6402248039077161E-002
   4.9625000739470124       -2.1290495587623910E-003   1.6752095759487898E-002
   4.9750000741332769       -1.9196483586484713E-003   4.8299320825201351E-003
   4.9875000743195415       -1.8592742067173246E-003  -7.7027407095796342E-003
   5.0000000745058060       -1.9555584670218175E-003  -1.9099633954737676E-002
   5.0125000746920705       -2.1943038950136226E-003  -2.7772380012200060E-002
   5.0250000748783350       -2.5414586503391323E-003  -3.2511291039594832E-002
   5.0375000750645995       -2.9478497943897677E-003  -3.2653487040329186E-002
   5.0500000752508640       -3.3560183884760687E-003  -2.8175025945086578E-002
   5.0625000754371285       -3.7082062180376586E-003  -1.9694231050260066E-002
   5.0750000756233931       -3.9543841098342459E-003  -8.3857533502153091E-003
   5.0875000758096576       -4.0592060282739059E-003   4.1826872103421682E-003
   5.1000000759959221       -4.0069224373655427E-003   1.6268191085867981E-002
   5.1125000761821866       -3.8035700457620062E-003   2.6194915782217137E-002
   5.1250000763684511       -3.4761335936051088E-003   3.2586992608454587E-002
   5.1375000765547156       -3.0687961799296263E-003   3.4559751649200179E-002
   5.1500000767409801       -2.6367992778773687E-003   3.1842677600444666E-002
   5.1625000769272447       -2.2387658019406495E-003   2.4817007481348005E-002
   5.1750000771135092       -1.9285532038012716E-003   1.4462744712935139E-002
   5.1875000772997737       -1.7477688921956863E-003   2.2224537991359320E-003
   5.2000000774860382       -1.7199882192925229E-003  -1.0199233926350859E-002
   5.2125000776723027       -1.8474786452716641E-003  -2.1072537841784787E-002
   5.2250000778585672       -2.1108853722190402E-003  -2.8882940940083889E-002
   5.2375000780448318       -2.4719221393499557E-003  -3.2541684362972279E-002
   5.2500000782310963       -2.8786931999484704E-003  -3.1537088034330064E-002
   5.2625000784173608       -3.2729068062518365E-003  -2.6005666130916552E-002
   5.2750000786036253       -3.5979776377322260E-003  -1.6713153423937220E-002
   5.2875000787898898       -3.8068920586445086E-003  -4.9480795409430171E-003
   5.3000000789761543       -3.8687430538279477E-003   7.6573172961223179E-003
   5.3125000791624188       -3.7730265862001323E-003   1.9353946795423189E-002
   5.3250000793486834       -3.5311022476523890E-003   2.8518963782489890E-002
   5.3375000795349479       -3.1746151950591945E-003   3.3881319245822418E-002
   5.3500000797212124       -2.7510986981755269E-003   3.4698417082721561E-002
   5.3625000799074769       -2.3173684781784237E-003   3.0859323949761489E-002
   5.3750000800937414       -1.9316269230584080E-003   2.2900187621462516E-002
   5.3875000802800059       -1.6453745735246343E-003   1.1929720940164772E-002
   5.4000000804662704       -1.4962530595504910E-003  -5.2489204764907121E-004
   5.4125000806525350       -1.5028142102438732E-003  -1.2730251069994114E-002
   5.4250000808387995       -1.6619423509899936E-003  -2.2987655515777985E-002
   5.4375000810250640       -1.9492880492190030E-003  -2.9869197592347439E-002
   5.4500000812113285       -2.3226530246869175E-003  -3.2416219403396417E-002
   5.4625000813975930       -2.7278557732673642E-003  -3.0272551437950438E-002
   5.4750000815838575       -3.1062626718804465E-003  -2.3734014351088323E-002
   5.4875000817701221       -3.4029378556898553E-003  -1.3707304043384954E-002
   5.5000000819563866       -3.5742791587853517E-003  -1.5839743865619024E-003
   5.5125000821426511       -3.5940788389124136E-003   1.0952967923880019E-002
   5.5250000823289156       -3.4571667378237641E-003   2.2162976020896442E-002
   5.5375000825151801       -3.1801295334343825E-003   3.0489872729000993E-002
   5.5500000827014446       -2.7990061186426887E-003   3.4778135853796098E-002
   5.5625000828877091       -2.3642794139923048E-003   3.4433498538711881E-002
   5.5750000830739737       -1.9338606758446675E-003   2.9505543686767284E-002
   5.5875000832602382       -1.5650413742642406E-003   2.0680813081340867E-002
   5.6000000834465027       -1.3065312068953781E-003   9.1873889330450834E-003
   5.6125000836327672       -1.1916888435210299E-003  -3.3757904365661895E-003
   5.6250000838190317       -1.2338862246068973E-003  -1.5261158255777665E-002
   5.6375000840052962       -1.4246507056467305E-003  -2.4815404049923204E-002
   5.6500000841915607       -1.7348432608929997E-003  -3.0709258196763720E-002
   5.6625000843778253       -2.1187089940725911E-003  -3.2122239738789853E-002
   5.6750000845640898       -2.5202369967906976E-003  -2.8856690322145530E-002
   5.6875000847503543       -2.8809456311924943E-003  -2.1365245282607154E-002
   5.7000000849366188       -3.1480112012046710E-003  -1.0687923816416919E-002
   5.7125000851228833       -3.2816102509006634E-003   1.6924182564075942E-003
   5.7250000853091478       -3.2604550223803309E-003   1.4056183273152516E-002
   5.7375000854954123       -3.0847527288477561E-003   2.4686030020039346E-002
   5.7500000856816769       -2.7761773489991329E-003   3.2105558414047601E-002
   5.7625000858679414       -2.3748578628434115E-003   3.5284507041551935E-002
   5.7750000860542059       -1.9338015182517607E-003   3.3781944222965675E-002
   5.7875000862404704       -1.5115272091723122E-003   2.7807551227506735E-002
   5.8000000864267349       -1.1639328136489181E-003   1.8192480205082004E-002
   5.8125000866129994       -9.3652680769677949E-004   6.2738371385507152E-003
   5.8250000867992640       -8.5810384229630229E-004  -6.2911550745360038E-003
   5.8375000869855285       -9.3674328189982128E-004  -1.7755484911274495E-002
   5.8500000871717930       -1.1586868465979692E-003  -2.6525159761837662E-002
   5.8625000873580575       -1.4902513485616359E-003  -3.1380746169560644E-002
   5.8750000875443220       -1.8825106815262634E-003  -3.1646852055610936E-002
   5.8875000877305865       -2.2780963381160858E-003  -2.7285995481962557E-002
   5.9000000879168510       -2.6191712867230303E-003  -1.8903813625239897E-002
   5.9125000881031156       -2.8554689605596387E-003  -7.6648879935337384E-003
   5.9250000882893801       -2.9512800619065070E-003   4.8691151016663822E-003
   5.9375000884756446       -2.8904161222287339E-003   1.6956492810636097E-002
   5.9500000886619091       -2.6784599589373898E-003   2.6917576346494967E-002
   5.9625000888481736       -2.3419902495924135E-003   3.3368179797661018E-002
   5.9750000890344381       -1.9248879959063430E-003   3.5411981324367965E-002
   5.9875000892207026       -1.4822382227557480E-003   3.2765098684688639E-002
   6.0000000894069672       -1.0726744830941647E-003   2.5795544990367607E-002
   6.0125000895932317       -7.5023016590977502E-004   1.5472080943620828E-002
   6.0250000897794962       -5.5682915123261498E-004   3.2295723144334151E-003
   6.0375000899657607       -5.1645949670064257E-004  -9.2304340829794228E-003
   6.0500000901520252       -6.3183992445718770E-004  -2.0176199014518732E-002
   6.0625000903382897       -8.8404241589678178E-004  -2.8086475736667352E-002
   6.0750000905245543       -1.2351233678366375E-003  -3.1861939658565319E-002
   6.0875000907108188       -1.6333976195034529E-003  -3.0977977254869130E-002
   6.1000000908970833       -2.0206223409594149E-003  -2.5557598899039673E-002
   6.1125000910833478       -2.3400923319578846E-003  -1.6354341844473236E-002
   6.1250000912696123       -2.5445216080600334E-003  -4.6475395786129640E-003
   6.1375000914558768       -2.6026158536583670E-003   7.9354864861799542E-003
   6.1500000916421413       -2.5034222711030180E-003   1.9645600339710512E-002
   6.1625000918284059       -2.2578522631973583E-003   2.8854955073279599E-002
   6.1750000920146704       -1.8971653194067091E-003   3.4283239241822430E-002
   6.1875000922009349       -1.4686248224981778E-003   3.5175621092388004E-002
   6.2000000923871994       -1.0289295522913577E-003   3.1407659122959890E-002
   6.2125000925734639       -6.3633380740422659E-004   2.3502598002688634E-002
   6.2250000927597284       -3.4255132799291865E-004   1.2558645984147075E-002
   6.2375000929459929       -1.8556825085185011E-004   9.6341138971813012E-005
   6.2500000931322575       -1.8436398659675752E-004  -1.2152779816020674E-002
   6.2625000933185220       -3.3627373656064754E-004  -2.2486838289762556E-002
   6.2750000935047865       -6.1735921937117948E-004  -2.9470148561351300E-002
   6.2875000936910510       -9.8573608187731360E-004  -3.2132755773263570E-002
   6.3000000938773155       -1.3873955350283003E-003  -3.0105244433271328E-002
   6.3125000940635800       -1.7637110960517306E-003  -2.3670081097794539E-002
   6.3250000942498446       -2.0595871141830587E-003  -1.3722355386207691E-002
   6.3375000944361091       -2.2311165590666428E-003  -1.6453757268688196E-003
   6.3500000946223736       -2.2516837559589781E-003   1.0881589869661564E-002
   6.3625000948086381       -2.1156638805613546E-003   2.2116706907616045E-002
   6.3750000949949026       -1.8392050400965964E-003   3.0497663289544952E-002
   6.3875000951811671       -1.4579842432966520E-003   3.4858807320879398E-002
   6.4000000953674316       -1.0222491452927006E-003   3.4593155961973883E-002
   6.4125000955536962       -5.8983468932454972E-004   2.9736756649508166E-002
   6.4250000957399607       -2.1812522566679510E-004   2.0963677679677342E-002
   6.4375000959262252        4.3920749233960924E-005   9.4923234135145997E-003
   6.4500000961124897        1.6257479367097645E-004  -3.0839049369703504E-003
   6.4625000962987542        1.2402598138442503E-004  -1.5018067371839691E-002
   6.4750000964850187       -6.3699863560904142E-005  -2.4652482719704785E-002
   6.4875000966712832       -3.7185590214909667E-004  -3.0649120639155938E-002
   6.5000000968575478       -7.5496991584738955E-004  -3.2175567028100781E-002
   6.5125000970438123       -1.1571645096918157E-003  -2.9020716483218006E-002
   6.5250000972300768       -1.5199234711375704E-003  -2.1624112320825454E-002
   6.5375000974163413       -1.7902248791756934E-003  -1.1014856343436160E-002
   6.5500000976026058       -1.9279105855203222E-003   1.3314210365081881E-003
   6.5625000977888703       -1.9112678223159735E-003   1.3697651342623572E-002
   6.5750000979751348       -1.7400471779817925E-003   2.4363974789884585E-002
   6.5875000981613994       -1.4354974885700913E-003   3.1846774987128519E-002
   6.6000000983476639       -1.0374127952990607E-003   3.5104879405902921E-002
   6.6125000985339284       -5.9860179618648082E-004   3.3684266892891029E-002
   6.6250000987201929       -1.7754845375115934E-004   2.7781170086956915E-002
   6.6375000989064574        1.6971617751044827E-004   1.8214802466470986E-002
   6.6500000990927219        3.9740121173410694E-004   6.3135005516720879E-003
   6.6625000992789865        4.7631996980598915E-004  -6.2698942392567531E-003
   6.6750000994652510        3.9794629064742094E-004  -1.7787754971955935E-002
   6.6875000996515155        1.7559935018474421E-004  -2.6640562322326942E-002
   6.7000000998377800       -1.5740768380653397E-004  -3.1599213004721266E-002
   6.7125001000240445       -5.5239785225136187E-004  -3.1975846018312326E-002
   6.7250001002103090       -9.5209593343623133E-004  -2.7719444466779264E-002
   6.7375001003965735       -1.2985889944341210E-003  -1.9422925755340457E-002
   6.7500001005828381       -1.5413755699936786E-003  -8.2407347358288193E-003
   6.7625001007691026       -1.6443847557264953E-003   4.2716069031885785E-003
   6.7750001009553671       -1.5909896686409893E-003   1.6373694811671759E-002
   6.7875001011416316       -1.3863184804452540E-003   2.6382132023104916E-002
   6.8000001013278961       -1.0565418252423875E-003   3.2904495839289803E-002
   6.8125001015141606       -6.4523562112232498E-004   3.5032863723518250E-002
   6.8250001017004251       -2.0732481805296748E-004   3.2470001052232578E-002
   6.8375001018866897        1.9855020114794875E-004   2.5570672550738638E-002
   6.8500001020729542        5.1818361279509068E-004   1.5292335752961156E-002
   6.8625001022592187        7.0933781255552459E-004   3.0620693428963282E-003
   6.8750001024454832        7.4761367991208350E-004  -9.4217686896963995E-003
   6.8875001026317477        6.2984156953593731E-004  -2.0425586585700262E-002
   6.9000001028180122        3.7452173341012208E-004  -2.8421501312873423E-002
   6.9125001030042768        1.9252961705287113E-005  -3.2299690686848084E-002
   6.9250001031905413       -3.8449317789660014E-004  -3.1522641408284022E-002
   6.9375001033768058       -7.7852620137170000E-004  -2.6199854889727408E-002
   6.9500001035630703       -1.1060243923733959E-003  -1.7072627900754207E-002
   6.9625001037493348       -1.3194322443128483E-003  -5.4110232897995637E-003
   6.9750001039355993       -1.3870700364432245E-003   7.1626497177849930E-003
   6.9875001041218638       -1.2975369136367647E-003   1.8899312096975287E-002
   7.0000001043081284       -1.0612955089043025E-003   2.8166210667571398E-002
   7.0125001044943929       -7.0921787031329436E-004   3.3673846216062238E-002
   7.0250001046806574       -2.8829478634027374E-004   3.4655194544230085E-002
   7.0375001048669219        1.4489515191763535E-004   3.0972311450008200E-002
   7.0500001050531864        5.3204905081178039E-004   2.3135505172872696E-002
   7.0625001052394509        8.2124286978201271E-004   1.2232411626031846E-002
   7.0750001054257154        9.7414801738587506E-004  -2.2317012274557062E-004
   7.0875001056119800        9.7135839080998677E-004  -1.2501672557213699E-002
   7.1000001057982445        8.1508748151619750E-004  -2.2898142947866497E-002
   7.1125001059845090        5.2886069040275485E-004  -2.9969205509976726E-002
   7.1250001061707735        1.5424561594584626E-004  -3.2733668355736545E-002
   7.1375001063570380       -2.5492524459798138E-004  -3.0808893931354969E-002
   7.1500001065433025       -6.4003642447852218E-004  -2.4463979526610613E-002
   7.1625001067295671       -9.4583617311792606E-004  -1.4582356576494248E-002
   7.1750001069158316       -1.1281156330402798E-003  -2.5390068820413149E-003
   7.1875001071020961       -1.1598532195387231E-003   9.9906391755285526E-003
   7.2000001072883606       -1.0349702279837147E-003   2.1263562191466259E-002
   7.2125001074746251       -7.6917569662973933E-004   2.9711407135280778E-002
   7.2250001076608896       -3.9778310190454879E-004   3.4158461059240766E-002
   7.2375001078471541        2.9197667698469985E-005   3.3985059538027801E-002
   7.2500001080334187        4.5401091825402812E-004   2.9213710834697721E-002
   7.2625001082196832        8.1918230912922732E-004   2.0505967846389243E-002
   7.2750001084059477        1.0755069110286270E-003   9.0704825816547065E-003
   7.2875001085922122        1.1888879449888199E-003  -3.5049778041614695E-003
   7.3000001087784767        1.1450757217839485E-003  -1.5474206204444573E-002
   7.3125001089647412        9.5164814134609589E-004  -2.5175251498584218E-002
   7.3250001091510057        6.3695749292453719E-004  -3.1261404194340404E-002
   7.3375001093372703        2.4618993467239185E-004  -3.2888368291169721E-002
   7.3500001095235348       -1.6491467509316561E-004  -2.9831605327956239E-002
   7.3625001097097993       -5.3780974724918808E-004  -2.2517541580801780E-002
   7.3750001098960638       -8.1927902120342922E-004  -1.1964301085969140E-002
   7.3875001100823283       -9.6883278700656819E-004   3.5979830542702887E-004
   7.4000001102685928       -9.6433530812171269E-004   1.2740318949069582E-002
   7.4125001104548573       -8.0508131888527357E-004   2.3454984326456707E-002
   7.4250001106411219       -5.1189401043573348E-004   3.1013049444886569E-002
   7.4375001108273864       -1.2423088659802077E-004   3.4362491880756553E-002
   7.4500001110136509        3.0530026831194904E-004   3.3036227068699790E-002
   7.4625001111999154        7.1825311282417326E-004   2.7217026139656701E-002
   7.4750001113861799        1.0584659446394482E-003   1.7712113717726231E-002
   7.4875001115724444        1.2798673694101644E-003   5.8409761949185304E-003
   7.5000001117587090        1.3528795729346127E-003  -6.7480265761462165E-003
   7.5125001119449735        1.2685292394758671E-003  -1.8306757991658942E-002
   7.5250001121312380        1.0396947611702309E-003  -2.7230268856917657E-002
   7.5375001123175025        6.9931639538672733E-004  -3.2279860681917322E-002
   7.5500001125037670        2.9581813085016820E-004  -3.2755245713562690E-002
   7.5625001126900315       -1.1362244667050540E-004  -2.8591876083690113E-002
   7.5750001128762960       -4.7102090304228375E-004  -2.0369914804584000E-002
   7.5875001130625606       -7.2564484189377605E-004  -9.2336017803169978E-003
   7.6000001132488251       -8.4106486586763094E-004   3.2677782705127847E-003
   7.6125001134350896       -8.0021763687755003E-004   1.5395222945524487E-002
   7.6250001136213541       -6.0777734719091024E-004   2.5461707153142221E-002
   7.6375001138076186       -2.8950600303401995E-004   3.2066654050157947E-002
   7.6500001139938831        1.1132717856583414E-004   3.4290594035233712E-002
   7.6625001141801476        5.3995961039337648E-004   3.1822957164808860E-002
   7.6750001143664122        9.3774658088097498E-004   2.5005237793135258E-002
   7.6875001145526767        1.2503120579527541E-003   1.4783532209305377E-002
   7.7000001147389412        1.4351062133227187E-003   2.5770458164253839E-003
   7.7125001149252057        1.4673192865080481E-003  -9.9191546488741848E-003
   7.7250001151114702        1.3433298515495343E-003  -2.0969729421092112E-002
   7.7375001152977347        1.0812082298799664E-003  -2.9040251350616622E-002
   7.7500001154839993        7.1820508258809020E-004  -3.3010467759560909E-002
   7.7625001156702638        3.0557422944490006E-004  -3.2329998360752267E-002
   7.7750001158565283       -9.8550756086434764E-005  -2.7094829601915473E-002
   7.7875001160427928       -4.3723613115718345E-004  -1.8033973886947566E-002
   7.8000001162290573       -6.6266080810311744E-004  -6.4081478392021777E-003
   7.8125001164153218       -7.4276265728675519E-004   6.1654482159442404E-003
   7.8250001166015863       -6.6569455343904794E-004   1.7937896567649922E-002
   7.8375001167878509       -4.4147084300223032E-004   2.7271635142681279E-002
   7.8500001169741154       -1.0057539863897642E-004   3.2868053789178585E-002
   7.8625001171603799        3.1027527984790797E-004   3.3947981406192519E-002
   7.8750001173466444        7.3462505374861876E-004   3.0359978958577689E-002
   7.8875001175329089        1.1141247963858266E-003   2.2601387298545723E-002
   7.9000001177191734        1.3966421418274847E-003   1.1749204467461964E-002
   7.9125001179054379        1.5435071998592192E-003  -6.8960052045850817E-004
   7.9250001180917025        1.5348871932250397E-003  -1.2987533309649859E-002
   7.9375001182779670        1.3725430244352999E-003  -2.3436669498988962E-002
   7.9500001184642315        1.0795846513325181E-003  -3.0586030014738405E-002
   7.9625001186504960        6.9725927045119593E-004  -3.3443245001319115E-002
   7.9750001188367605        2.7921870170541721E-004  -3.1612478022380916E-002
   7.9875001190230250       -1.1593727946262712E-004  -2.5349441210131936E-002
   8.0000001192092896       -4.3280529931097772E-004  -1.5525855095567925E-002
   8.0125001193955541       -6.2687849089749267E-004  -3.5082926615586790E-003
   8.0250001195818186       -6.7073214982044658E-004   9.0317535509900418E-003
   8.0375001197680831       -5.5783522875077582E-004   2.0350183506200548E-002
   8.0500001199543476       -3.0345793113275194E-004   2.8872693069139529E-002
   8.0625001201406121        5.7450737609450366E-005   3.3413578356735842E-002
   8.0750001203268766        4.7512047329241236E-004   3.3340530573460800E-002
   8.0875001205131412        8.9187711167083004E-004   2.8662517361059688E-002
   8.1000001206994057        1.2501585840228860E-003   2.0028536494029341E-002
   8.1125001208856702        1.5005152939288583E-003   8.6374151381965782E-003
   8.1250001210719347        1.6084829847651594E-003  -3.9288087991603271E-003
   8.1375001212581992        1.5593728740438577E-003  -1.5924765774517704E-002
   8.1500001214444637        1.3603132988961677E-003  -2.5684334323895015E-002
   8.1625001216307282        1.0392591150634001E-003  -3.1852206505560941E-002
   8.1750001218169928        6.4110652781095251E-004  -3.3572255002095888E-002
   8.1875001220032573        2.2145333403143411E-004  -3.0606521725268041E-002
   8.2000001221895218       -1.6112819323532533E-004  -2.3368290320979271E-002
   8.2125001223757863       -4.5323182660024947E-004  -1.2864646000089096E-002
   8.2250001225620508       -6.1403990399759025E-004  -5.5650600323900630E-004
   8.2375001227483153       -6.2099622914173517E-004   1.1844425668052135E-002
   8.2500001229345798       -4.7294090608488728E-004   2.2613559056019777E-002
   8.2625001231208444       -1.9027141367253643E-004   3.0253110000733708E-002
   8.2750001233071089        1.8789246697171579E-004   3.3700269342667948E-002
   8.2875001234933734        6.0914584003222950E-004   3.2474917227066878E-002
   8.3000001236796379        1.0150823114194901E-003   2.6746352472947869E-002
   8.3125001238659024        1.3494117223132348E-003   1.7309762641407697E-002
   8.3250001240521669        1.5657837585550255E-003   5.4757051051693081E-003
   8.3375001242384315        1.6342300733895713E-003  -7.1120404335557625E-003
   8.3500001244246960        1.5453295666454036E-003  -1.8704932252729758E-002
   8.3625001246109605        1.3115179100022165E-003  -2.7692687246285333E-002
   8.3750001247972250        9.6535931426548489E-004  -3.2827085721228694E-002
   8.3875001249834895        5.5502073663560498E-004  -3.3395454899955587E-002
   8.4000001251697540        1.3757754416577191E-004  -2.9319719564778968E-002
   8.4125001253560185       -2.2891895585518856E-004  -2.1167253314562810E-002
   8.4250001255422831       -4.9350962622993189E-004  -1.0072022274138948E-002
   8.4375001257285476       -6.1940990653272911E-004   2.4230189208720512E-003
   8.4500001259148121       -5.8912216957050605E-004   1.4580374307590254E-002
   8.4625001261010766       -4.0686748800982156E-004   2.4709492057384201E-002
   8.4750001262873411       -9.7998832690017489E-005   3.1401725416402543E-002
   8.4875001264736056        2.9452274086404147E-004   3.3726113135158532E-002
   8.5000001266598701        7.1609916133550115E-004   3.1358768891117647E-002
   8.5125001268461347        1.1080837783154977E-003   2.4627896546430106E-002
   8.5250001270323992        1.4159324897331771E-003   1.4468174806025228E-002
   8.5375001272186637        1.5967846775034001E-003   2.2908511134483809E-003
   8.5500001274049282        1.6254203168482092E-003  -1.0212400246793544E-002
   8.5625001275911927        1.4977653118610822E-003  -2.1304595105732623E-002
   8.5750001277774572        1.2314578690711343E-003  -2.9444853751430650E-002
   8.5875001279637218        8.6339719169371983E-004  -3.3502559741061283E-002
   8.6000001281499863        4.4461518869011576E-004  -3.2914498372405614E-002
   8.6125001283362508        3.3183952904242543E-005  -2.7763134961950042E-002
   8.6250001285225153       -3.1385523929141983E-004  -1.8765153441849574E-002
   8.6375001287087798       -5.4841966080982165E-004  -7.1718482360886727E-003
   8.6500001288950443       -6.3806776509679091E-004   5.4047865729688772E-003
   8.6625001290813088       -5.7050793192795998E-004   1.7216099832167014E-002
   8.6750001292675734       -3.5530668081912384E-004   2.6619819153976709E-002
   8.6875001294538379       -2.2558936436087253E-005   3.2308301724307091E-002
   8.7000001296401024        3.8129484113564151E-004   3.3490276697924648E-002
   8.7125001298263669        7.9992330609774970E-004   3.0000819758243435E-002
   8.7250001300126314        1.1749335586638807E-003   2.2324275053679118E-002
   8.7375001301988959        1.4539870009930901E-003   1.1526938710758616E-002
   8.7500001303851604        1.5980737370246325E-003  -8.9114011020124256E-004
   8.7625001305714250        1.5869344854811292E-003  -1.3204643222076705E-002
   8.7750001307576895        1.4218764427456139E-003  -2.3702776380830667E-002
   8.7875001309439540        1.1255917335702445E-003  -3.0927043649861399E-002
   8.8000001311302185        7.3900368218636622E-004  -3.3873956145758777E-002
   8.8125001313164830        3.1557922405486550E-004  -3.2134501739014283E-002
   8.8250001315027475       -8.6102053668330424E-005  -2.5950991546746370E-002
   8.8375001316890121       -4.1048945283640888E-004  -1.6183382421257317E-002
   8.8500001318752766       -6.1278173611651525E-004  -4.1897560952557037E-003
   8.8625001320615411       -6.6515368808761448E-004   8.3624334389273396E-003
   8.8750001322478056       -5.6062326854339813E-004   1.9728110578398440E-002
   8.8875001324340701       -3.1402188263877066E-004   2.8327116978657103E-002
   8.9000001326203346        4.0067084870779805E-005   3.2963829435907997E-002
   8.9125001328065991        4.5211495895962150E-004   3.2993333244026320E-002
   8.9250001329928637        8.6453163065543768E-004   2.8411055462015160E-002
   8.9375001331791282        1.2196698292225986E-003   1.9853400433784786E-002
   8.9500001333653927        1.4678373383428924E-003   8.5092992327093376E-003
   8.9625001335516572        1.5742035803367395E-003  -4.0450336897757087E-003
   8.9750001337379217        1.5236406584610970E-003  -1.6065170343935203E-002
   8.9875001339241862        1.3228260261695358E-003  -2.5880918160674428E-002
   9.0000001341104507        9.9931454434040875E-004  -3.2128451359202781E-002
   9.0125001342967153        5.9770889636598357E-004  -3.3939862000916289E-002
   9.0250001344829798        1.7346061503273802E-004  -3.1063786021697473E-002
   9.0375001346692443       -2.1483671602456141E-004  -2.3900339062432267E-002
   9.0500001348555088       -5.1359095875674974E-004  -1.3445506549696054E-002
   9.0625001350417733       -6.8165979313237113E-004  -1.1527169578945864E-003
   9.0750001352280378       -6.9606875532076372E-004   1.1269162540182653E-002
   9.0875001354143023       -5.5520422146943546E-004   2.2093332508333990E-002
   9.1000001356005669       -2.7903756100005673E-004   2.9815059992533498E-002
   9.1125001357868314        9.3650694460099696E-005   3.3360813409033227E-002
   9.1250001359730959        5.1066086828695082E-004   3.2237467012711074E-002
   9.1375001361593604        9.1362921195053547E-004   2.6600837798417928E-002
   9.1500001363456249        1.2461396893855517E-003   1.7234029250538629E-002
   9.1625001365318894        1.4615650582273727E-003   5.4385918295601215E-003
   9.1750001367181540        1.5295474571098910E-003  -7.1463727706535390E-003
   9.1875001369044185        1.4402177961456062E-003  -1.8772021843425503E-002
   9.2000001370906830        1.2055675196062259E-003  -2.7822834218760507E-002
   9.2125001372769475        8.5778208668931292E-004  -3.3041143151580264E-002
   9.2250001374632120        4.4476779114016710E-004  -3.3701932899038896E-002
   9.2375001376494765        2.3493623624706698E-005  -2.9713604926507403E-002
   9.2500001378357410       -3.4792644349122603E-004  -2.1630708775228373E-002
   9.2625001380220056       -6.1831030721061411E-004  -1.0576868195035187E-002
   9.2750001382082701       -7.5052116161864911E-004   1.9113853649138837E-003
   9.2875001383945346       -7.2662884420120232E-004   1.4098167142550829E-002
   9.3000001385807991       -5.5040175229332871E-004   2.4289500521278380E-002
   9.3125001387670636       -2.4678299125307693E-004   3.1068753894376935E-002
   9.3250001389533281        1.4157643821364113E-004   3.3493530799295949E-002
   9.3375001391395926        5.6024557944349678E-004   3.1226648593731983E-002
   9.3500001393258572        9.5057869268156314E-004   2.4583001633614168E-002
   9.3625001395121217        1.2578662176806811E-003   1.4485795685455013E-002
   9.3750001396983862        1.4389386664470584E-003   2.3382363227895404E-003
   9.3875001398846507        1.4681666209174582E-003  -1.0171495335821259E-002
   9.4000001400709152        1.3410229273251037E-003  -2.1304874146907200E-002
   9.4125001402571797        1.0747119965204216E-003  -2.9514659514735860E-002
   9.4250001404434443        7.0577874708868964E-004  -3.3659938327231326E-002
   9.4375001406297088        2.8502951172864596E-004  -3.3164694564253715E-002
   9.4500001408159733       -1.2952917650193121E-004  -2.8097866819232174E-002
   9.4625001410022378       -4.8075251697596890E-004  -1.9163766958684873E-002
   9.4750001411885023       -7.2029960752905959E-004  -7.6041915799212999E-003
   9.4875001413747668       -8.1535200369446692E-004   4.9741687175031413E-003
   9.5000001415610313       -7.5317489379916652E-004   1.6823034765562815E-002
   9.5125001417472959       -5.4288695609609695E-004   2.6295522914601785E-002
   9.5250001419335604       -2.1419291476565183E-004   3.2075036688193274E-002
   9.5375001421198249        1.8674504981120522E-004   3.3358253554254126E-002
   9.5500001423060894        6.0372322545284066E-004   2.9966774439912160E-002
   9.5625001424923539        9.7830791153348941E-004   2.2371918409081811E-002
   9.5750001426786184        1.2579568958141067E-003   1.1629216420442547E-002
   9.5875001428648829        1.4033221032357488E-003  -7.6829146482336463E-004
   9.6000001430511475        1.3937184597823513E-003  -1.3097565973107444E-002
   9.6125001432374120        1.2299988826788965E-003  -2.3645044893927429E-002
   9.6250001434236765        9.3443581710057075E-004  -3.0944802188195179E-002
   9.6375001436099410        5.4762578398421244E-004  -3.3982289442619038E-002
   9.6500001437962055        1.2284715962177981E-004  -3.2335342713031436E-002
   9.6625001439824700       -2.8134463031404005E-004  -2.6232856954313263E-002
   9.6750001441687346       -6.0925534712920619E-004  -1.6522973185326063E-002
   9.6875001443549991       -8.1579251502342557E-004  -4.5551998880954420E-003
   9.7000001445412636       -8.7273251447309074E-004   8.0071480296907832E-003
   9.7125001447275281       -7.7264316261050844E-004   1.9418124583048355E-002
   9.7250001449137926       -5.2991660170549648E-004   2.8091812518565094E-002
   9.7375001451000571       -1.7876893999092499E-004   3.2822741568421084E-002
   9.7500001452863216        2.3151533572805057E-004   3.2953430371377795E-002
   9.7625001454725862        6.4343322150832774E-004   2.8465766287023637E-002
   9.7750001456588507        9.9925530539828533E-004   1.9983522701710436E-002
   9.7875001458451152        1.2490493428918869E-003   8.6856639590295655E-003
   9.8000001460313797        1.3576201439975874E-003  -3.8575127917074587E-003
   9.8125001462176442        1.3094012333827265E-003  -1.5902625043066401E-002
   9.8250001464039087        1.1106184173823017E-003  -2.5775508603971847E-002
   9.8375001465901732        7.8842455503159103E-004  -3.2103900982952620E-002
   9.8500001467764378        3.8712578676486576E-004  -3.4008165035902163E-002
   9.8625001469627023       -3.7976282518425650E-005  -3.1223545197882414E-002
   9.8750001471489668       -4.2827060330779431E-004  -2.4136964545892862E-002
   9.8875001473352313       -7.2998266462731510E-004  -1.3733248461647597E-002
   9.9000001475214958       -9.0164827295592686E-004  -1.4582489856879710E-003
   9.9125001477077603       -9.1987638554864653E-004   1.0982106508348089E-002
   9.9250001478940248       -7.8260005214871866E-004   2.1858913147476965E-002
   9.9375001480802894       -5.0936363373371674E-004   2.9660579915565265E-002
   9.9500001482665539       -1.3860637926443740E-004   3.3302917695444148E-002
   9.9625001484528184        2.7768009813176626E-004   3.2279824960782119E-002
   9.9750001486390829        6.8117791615412873E-004   2.6733628102964084E-002
   9.9875001488253474        1.0153482724207061E-003   1.7435300159516491E-002
   10.000000149011612        1.2332895276622399E-003   5.6773072393745804E-003
