   0.0000000000000000        0.0000000000000000        0.0000000000000000     
   5.0000000745058060E-002   0.0000000000000000        0.0000000000000000     
  0.10000000149011612        0.0000000000000000        4.9874750152449368E-002
  0.15000000223517418        2.4937375447820530E-003   5.4437010902997574E-002
  0.20000000298023224        5.2155881304906653E-003   2.7139661198724435E-003
  0.25000000372529030        5.3512864385063495E-003  -1.1653282424384971E-002
  0.30000000447034836        4.7686223086047287E-003   3.5561818854181214E-002
  0.35000000521540642        6.5467132778094092E-003   5.4151215225528640E-002
  0.40000000596046448        9.2542740794316399E-003   7.1315263809532958E-003
  0.45000000670552254        9.6108504037927065E-003  -2.0516402409431193E-002
  0.50000000745058060        8.5850302680352368E-003   2.0218103109303262E-002
  0.55000000819563866        9.5959354385640599E-003   5.1292330421159396E-002
  0.60000000894069672        1.2160551997837794E-002   1.2658640799142605E-002
  0.65000000968575478        1.2793484047226347E-002  -2.6131672901772443E-002
  0.70000001043081284        1.1486900382668110E-002   4.8122420501368578E-003
  0.75000001117587090        1.1727512488760352E-002   4.5830058896618356E-002
  0.80000001192092896        1.4019015467737324E-002   1.8593439658558201E-002
  0.85000001266598701        1.4948687464518426E-002  -2.8316094312179674E-002
  0.90000001341104507        1.3532882727812308E-002  -9.6947882591747817E-003
  0.95000001415610313        1.3048143307630390E-002   3.7932098270480427E-002
   1.0000000149011612        1.4944748249416027E-002   2.4195283281773020E-002
   1.0500000156462193        1.6154512431531570E-002  -2.7163296816938479E-002
   1.1000000163912773        1.4796347570446414E-002  -2.2414111355879836E-002
   1.1500000171363354        1.3675641985952608E-002   2.7962370262982945E-002
   1.2000000178813934        1.5073760519935345E-002   2.8754817905596749E-002
   1.2500000186264515        1.6511501436639191E-002  -2.3025557891669834E-002
   1.3000000193715096        1.5360223524900322E-002  -3.2589767805594701E-002
   1.3500000201165676        1.3730735110339318E-002   1.6461487201471087E-002
   1.4000000208616257        1.4553809482677637E-002   3.1659406714379591E-002
   1.4500000216066837        1.6136779841984712E-002  -1.6477344725055340E-002
   1.5000000223517418        1.5312912593455366E-002  -3.9651063912331072E-002
   1.5500000230967999        1.3330359368296468E-002   4.1110381452073713E-003
   1.6000000238418579        1.3535911278619799E-002   3.2448769793988003E-002
   1.6500000245869160        1.5158349792495416E-002  -8.2632208258174022E-003
   1.7000000253319740        1.4745188745047967E-002  -4.3252198914677499E-002
   1.7500000260770321        1.2582578767088692E-002  -8.3153608930912545E-003
   1.8000000268220901        1.2166810716238702E-002   3.0856516048884529E-002
   1.8500000275671482        1.3709636541672825E-002   7.6586345393629685E-004
   1.9000000283122063        1.3747929714940254E-002  -4.3295870292748936E-002
   1.9500000290572643        1.1583136168044871E-002  -2.0010196938668727E-002
   2.0000000298023224        1.0582626306202676E-002   2.6834426747562368E-002
   2.0500000305473804        1.1924347663574000E-002   9.7230002086112176E-003
   2.1000000312924385        1.2410497681248760E-002  -3.9938788256051974E-002
   2.1500000320374966        1.0413558238689445E-002  -3.0194542290312348E-002
   2.2000000327825546        8.9038311016771399E-003   2.0557761565657105E-002
   2.2500000335276127        9.9317191952767205E-003   1.7757075032863216E-002
   2.3000000342726707        1.0819572960149933E-002  -3.3578441669478862E-002
   2.3500000350177288        9.1406508516581018E-003  -3.8179687922520543E-002
   2.4000000357627869        7.2316664270859910E-003   1.2411392739673413E-002
   2.4500000365078449        7.8522360733168702E-003   2.4120356206542150E-002
   2.5000000372529030        9.0582539016150435E-003  -2.4821934658216440E-002
   2.5500000379979610        7.8171571502104395E-003  -4.3422781161154056E-002
   2.6000000387430191        5.6460180598002438E-003   2.9581106287828868E-003
   2.6500000394880772        5.7939235934433521E-003   2.8226777519423162E-002
   2.7000000402331352        7.2052624904450982E-003  -1.4439136499417093E-002
   2.7500000409781933        6.4833056547162482E-003  -4.5571796103812803E-002
   2.8000000417232513        4.2047158155719740E-003  -7.1081360530045878E-003
   2.8500000424683094        3.8493090076257707E-003   2.9696508951748031E-002
   2.9000000432133675        5.3341344773387960E-003  -3.3036418957187799E-003
   2.9500000439584255        5.1689523800914523E-003  -4.4496022038874830E-002
   3.0000000447034836        2.9441512449955910E-003  -1.7020111036008371E-002
   3.0500000454485416        2.0931456805142017E-003   2.8383490764419036E-002
   3.1000000461935997        3.5123202398825021E-003   7.6739775074776244E-003
   3.1500000469386578        3.8960191209739419E-003  -4.0299423163440026E-002
   3.2000000476837158        1.8810479327765308E-003  -2.6001448902683265E-002
   3.2500000484287739        5.8097546826977849E-004   2.4383946262888478E-002
   3.3000000491738319        1.8001727995816581E-003   1.7615516681791340E-002
   3.3500000499188900        2.6809486467958077E-003  -3.3315607323255572E-002
   3.4000000506639481        1.0151682558109673E-003  -3.3331797886395453E-002
   3.4500000514090061       -6.5142166334292997E-004   1.8025381648377456E-002
   3.5000000521540642        2.4984743250589870E-004   2.5741732471452242E-002
   3.5500000528991222        1.5369340752575959E-003  -2.4084630293521730E-002
   3.6000000536441803        3.3270254263706141E-004  -3.8407589914073823E-002
   3.6500000543892384       -1.5876769816825140E-003   9.8371106600861555E-003
   3.7000000551342964       -1.0958214413489876E-003   3.1431040477035932E-002
   3.7500000558793545        4.7573060592075904E-004  -1.3313335133104023E-002
   3.8000000566244125       -1.8993616065364981E-004  -4.0793455464818322E-002
   3.8500000573694706       -2.2296089642880584E-003   5.0478678584203740E-004
   3.9000000581145287       -2.2043696246198609E-003   3.4265765846562157E-002
   3.9500000588595867       -4.9108130676176810E-004  -1.8222646698564798E-003
   4.0000000596046448       -5.8219454161228504E-004  -4.0260073018529359E-002
   4.0500000603497028       -2.5951982225348447E-003  -9.1873271734816894E-003
   4.1000000610947609       -3.0545645880540213E-003   3.4062364862224678E-002
   4.1500000618398190       -1.3514463195643479E-003   9.5167185729445256E-003
   4.2000000625848770       -8.7561038382661369E-004  -3.6805349935404789E-002
   4.2500000633299351       -2.7158779080189758E-003  -1.8421671743148172E-002
   4.3000000640749931       -3.6369615089015994E-003   3.0883285239486694E-002
   4.3500000648200512       -2.0927972239174241E-003   1.9847204990107042E-002
   4.4000000655651093       -1.1004369596247520E-003  -3.0657184460317951E-002
   4.4500000663101673       -2.6332962054820318E-003  -2.6415025759809151E-002
   4.5000000670552254       -3.9540475131532174E-003   2.5029571631201553E-002
   4.5500000678002834       -2.7025689129446554E-003   2.8394129591284675E-002
   4.6000000685453415       -1.2828624122251467E-003  -2.2257548737806890E-002
   4.6500000692903996       -2.3957398656986573E-003  -3.2483041199052147E-002
   4.7000000700354576       -4.0198919498530168E-003   1.7014834936327411E-002
   4.7500000707805157       -3.1691501903596065E-003   3.4523558436123911E-002
   4.8000000715255737       -1.4429722428313555E-003  -1.2229141063456406E-002
   4.8500000722706318       -2.0544293051155960E-003  -3.6096521984684153E-002
   4.9000000730156898       -3.8592554312438083E-003   7.5226695868593624E-003
   4.9500000737607479       -3.4831219462960147E-003   3.7791613557108368E-002
   5.0000000745058060       -1.5935412402836499E-003  -1.3272616307666504E-003
   5.0500000752508640       -1.6599043228108694E-003  -3.6924965351662821E-002
   5.1000000759959221       -3.5061526179052532E-003  -2.6490945000557306E-003
   5.1500000767409801       -3.6386073448817688E-003   3.7978630087385445E-002
   5.2000000774860382       -1.7396758122162120E-003   9.6192423861767365E-003
   5.2500000782310963       -1.2587136857404812E-003  -3.4863912726290414E-002
   5.3000000789761543       -3.0019093480306413E-003  -1.2652882852477048E-002
   5.3500000797212124       -3.6345535000816259E-003   3.5105803481352976E-002
   5.4000000804662704       -1.8792632998581153E-003   1.9773234370031118E-002
   5.4500000812113285       -8.9060156662435180E-004  -3.0043957543055604E-002
   5.5000000819563866       -2.3927994661616246E-003  -2.1659501350026297E-002
   5.5500000827014446       -3.4757745498005255E-003   2.9432970269360592E-002
   5.6000000834465027       -2.0041260144032244E-003   2.8355517714290075E-002
   5.6500000841915607       -5.8635010756221372E-004  -2.2820726476603499E-002
   5.7000000849366188       -1.7273864483951548E-003  -2.8924503895115694E-002
   5.7500000856816769       -3.1736116647013745E-003   2.1437662175005680E-002
   5.8000000864267349       -2.1017285399787876E-003   3.4706723221004522E-002
   5.8500000871717930       -3.6639235307003751E-004  -1.3746671421205621E-002
   5.9000000879168510       -1.0537259343723869E-003  -3.3847556203916565E-002
   5.9500000886619091       -2.7461037697866096E-003   1.1777061194191973E-002
   6.0000000894069672       -2.1572507013024166E-003   3.8339882958344756E-002
   6.0500000901520252       -2.4025652481974007E-004  -3.5269613246689882E-003
   6.1000000908970833       -4.1660459368098046E-004  -3.6020109280434219E-002
   6.1500000916421413       -2.2176100845397641E-003   1.2358435761374229E-003
   6.2000000923871994       -2.1558179048121176E-003   3.8979459752767662E-002
   6.2500000931322575       -2.0684488813177393E-004   7.0369696530164574E-003
   6.3000000938773155        1.4500359976199988E-004  -3.5257627684606906E-002
   6.3500000946223736       -1.6178778107373249E-003  -9.3359751341753859E-003
   6.4000000953674316       -2.0846765744019376E-003   3.6583680985164346E-002
   6.4500000961124897       -2.5549249788675392E-004   1.7111678854905922E-002
   6.5000000968575478        6.0009145760773640E-004  -3.1613846724322769E-002
   6.5500000976026058       -9.8060090216255330E-004  -1.9090283630081445E-002
   6.6000000983476639       -1.9351150978899952E-003   3.1348357358051235E-002
   6.6500000990927219       -3.6769720663108719E-004   2.5898618526993475E-002
   6.7000000998377800        9.2723373901456110E-004  -2.5375961628591709E-002
   6.7500001005828381       -3.4156436132158912E-004  -2.7247888328348280E-002
   6.8000001013278961       -1.7039587980402619E-003   2.3691845360181183E-002
   6.8500001020729542       -5.1936651237940242E-004   3.2698320277036605E-002
   6.9000001028180122        1.1155495258345749E-003  -1.7041167095363179E-002
   6.9500001035630703        2.6349115836975701E-004  -3.3159992700789676E-002
   7.0000001043081284       -1.3945085013758467E-003   1.4222318216459161E-002
   7.0500001050531864       -6.8339257995643585E-004   3.6966715693238984E-002
   7.1000001057982445        1.1649432322478627E-003  -7.2764469480037994E-003
   7.1500001065433025        8.0112087942629741E-004  -3.6359274795874176E-002
   7.2000001072883606       -1.0168428874571822E-003   3.6899239106481657E-003
   7.2500001080334187       -8.3234668917556631E-004   3.8359079246000696E-002
   7.3000001087784767        1.0856073017042097E-003   3.1351567467177016E-003
   7.3500001095235348        1.2423651413759687E-003  -3.6596519170215752E-002
   7.4000001102685928       -5.8746084440135043E-004  -7.0723824763166548E-003
   7.4500001110136509       -9.4107997348651866E-004   3.6758070395795955E-002
   7.5000001117587090        8.9682357369017581E-004   1.3357493523514348E-002
   7.5500001125037670        1.5646982598180015E-003  -3.3859905358197363E-002
   7.6000001132488251       -1.2829703331946208E-004  -1.7214637863046070E-002
   7.6500001139938831       -9.8902893929767033E-004   3.2283623266780817E-002
   7.7000001147389412        6.2515224809454417E-004   2.2568442131712378E-002
   7.7500001154839993        1.7535743714949628E-003  -2.8375431861280116E-002
   7.8000001162290573        3.3480275728961268E-004  -2.5937074529629723E-002
   7.8500001169741154       -9.6205098851649988E-004   2.5283882861014722E-002
   7.9000001177191734        3.0214317337219697E-004   3.0025875661265033E-002
   7.9500001184642315        1.8034369788064693E-003  -2.0588452914485977E-002
   8.0000001192092896        7.7401431774257764E-004  -3.2553384340183213E-002
   8.0500001199543476       -8.5365492352074438E-004   1.6307900889019206E-002
   8.1000001206994057       -3.8259866919451062E-005   3.5127191507801303E-002
   8.1500001214444637        1.7180997346424112E-003  -1.1127805753960655E-002
   8.2000001221895218        1.1617094386535171E-003  -3.6545010242020420E-002
   8.2500001229345798       -6.6554110067565831E-004   6.0622611648297187E-003
   8.3000001236796379       -3.6242803791743583E-004   3.7457659860449660E-002
   8.3500001244246960        1.5104549830131785E-003  -7.5538932457349522E-004
   8.4000001251697540        1.4726855162216948E-003  -3.7602142729369466E-002
   8.4500001259148121       -4.0742164826255804E-004  -4.6449119637019531E-003
   8.5000001266598701       -6.3966724990838480E-004   3.6823738337161634E-002
   8.5500001274049282        1.2015196943855199E-003   9.6947888036098724E-003
   8.6000001281499863        1.6862591417891939E-003  -3.5648155068059656E-002
   8.6500001288950443       -9.6148638173734020E-005  -1.4968100787997988E-002
   8.7000001296401024       -8.4455368872573752E-004   3.3268700675271975E-002
   8.7500001303851604        8.1888136982497493E-004   1.9383244145251242E-002
   8.8000001311302185        1.7880435915291794E-003  -3.0845527911188296E-002
   8.8500001318752766        2.4576717298805534E-004  -2.4091583694443933E-002
   8.9000001326203346       -9.5881202968376984E-004   2.7069338390980767E-002
   8.9500001333653927        3.9465491003349727E-004   2.7532022136564121E-002
   9.0000001341104507        1.7712560373746584E-003  -2.3582786590526778E-002
   9.0500001348555088        5.9211669027777435E-004  -3.1294309477408487E-002
   9.1000001356005669       -9.7259880690872742E-004   1.8714003666205854E-002
   9.1500001363456249       -3.6898609655415396E-005   3.3486748219604269E-002
   9.2000001370906830        1.6374388262743696E-003  -1.4443485508964279E-002
   9.2500001378357410        9.1526454006492035E-004  -3.6007282251356687E-002
   9.3000001385807991       -8.8509959933042977E-004   8.8637492038148996E-003
   9.3500001393258572       -4.4191213253567702E-004   3.6768785166176592E-002
   9.4000001400709152        1.3965271531680323E-003  -4.1597032698689126E-003
   9.4500001408159733        1.1885419865753663E-003  -3.7858878509143115E-002
   9.5000001415610313       -7.0440196708885204E-004  -1.7003320343217526E-003
   9.5500001423060894       -7.8941857007178574E-004   3.7113350269257488E-002
   9.6000001430511475        1.0662489710426895E-003   6.4462544399584189E-003
   9.6500001437962055        1.3885616978434442E-003  -3.6704478803855134E-002
   9.7000001445412636       -4.4666226969628030E-004  -1.2139364689040113E-002
   9.7500001452863216       -1.0536305131928175E-003   3.4490563662780749E-002
   9.8000001460313797        6.7089769564369233E-004   1.6527307953052271E-002
   9.8500001467764378        1.4972631056101098E-003  -3.2638045981880026E-002
   9.9000001475214958       -1.3463921780113063E-004  -2.1623579450292332E-002
   9.9500001482665539       -1.2158182064265694E-003   2.9107758610777270E-002
   10.000000149011612        2.3956974579926417E-004   2.5279006221648827E-002
