   0.0000000000000000        0.0000000000000000        0.0000000000000000     
  0.20000000298023224        0.0000000000000000        0.0000000000000000     
  0.40000000596046448        0.0000000000000000        3.9733867335258195E-002
  0.60000000894069672        7.9467735854677913E-003  0.10967076447006788     
  0.80000001192092896        2.9880926806325717E-002  0.19907575434602104     
   1.0000000149011612        6.9696078268821904E-002  0.29675563941207816     
   1.2000000178813934       0.12904720703563827       0.39175949586337155     
   1.4000000208616257       0.20739910737584685       0.47400597499847519     
   1.6000000238418579       0.30220030378818979       0.53481490613658467     
   1.8000000268220901       0.40916328660937934       0.56732658510515832     
   2.0000000298023224       0.52262860532117594       0.56679813571120818     
   2.2000000327825546       0.63598823415260763       0.53077226985261194     
   2.4000000357627869       0.74214268970495467       0.45911944488926171     
   2.6000000387430191       0.83396658005108959       0.35395964723939460     
   2.8000000417232513       0.90475851055385048       0.21947466750191671     
   3.0000000447034836       0.94865344470831925        6.1625651707294699E-002
   3.2000000476837158       0.96097857523343699      -0.11220617740537339     
   3.4000000506639481       0.93853733941796180      -0.29363549788049048     
   3.6000000536441803       0.87981023896676169      -0.47372409907324287     
   3.8000000566244125       0.78506541774030525      -0.64344542786113590     
   4.0000000596046448       0.65637633025046127      -0.79414101522866898     
   4.2000000625848770       0.49754812483800281      -0.91794858693152848     
   4.4000000655651093       0.31395840471599712       -1.0081836564767306     
   4.6000000685453415       0.11232167041602956       -1.0596590256995921     
   4.8000000715255737       -9.9610137881918859E-002  -1.0689297570452234     
   5.0000000745058060      -0.31339609247662248       -1.0344546980615612     
   5.2000000774860382      -0.52028703517184993      -0.95666938950056424     
   5.4000000804662704      -0.71162091592305976      -0.83796902668063822     
   5.6000000834465027      -0.87921472375652976      -0.68260392314170149     
   5.8000000864267349       -1.0157355104191883      -0.49649350561960576     
   6.0000000894069672       -1.1150342130227755      -0.28696811986591442     
   6.2000000923871994       -1.1724278378511901       -6.2450732413209004E-002
   6.4000000953674316       -1.1849179845199496       0.16790712292231777     
   6.6000000983476639       -1.1513365594350837       0.39461915853371421     
   6.8000001013278961       -1.0724127265522840       0.60827093329095405     
   7.0000001043081284      -0.95075853808130462       0.79992198264560810     
   7.2000001072883606      -0.79077413916822969       0.96148663161163195     
   7.4000001102685928      -0.59847680998044983        1.0860777208031360     
   7.6000001132488251      -0.38126126258305881        1.1682991686977173     
   7.8000001162290573      -0.14760142536171250        1.2044755281111279     
   8.0000001192092896        9.3293683850129872E-002   1.1928093777165629     
   8.2000001221895218       0.33185556294829144        1.1334604103745396     
   8.4000001251697540       0.55854764840117466        1.0285433171943059     
   8.6000001281499863       0.76425631490533386       0.88204489051002133     
   8.8000001311302185       0.94066529563603674       0.69966404888849243     
   9.0000001341104507        1.0805981074988966       0.48858159414480357     
   9.2000001370906830        1.1783144277839439       0.25716932297768458     
   9.4000001400709152        1.2297482931459052        1.4650525303200629E-002
   9.6000001430511475        1.2326783982502072      -0.22927418493629420     
   9.8000001460313797        1.1868235605796580      -0.46482041552573028     
   10.000000149011612        1.0938594760892391      -0.68251690080511740     
