   0.0000000000000000        0.0000000000000000        0.0000000000000000     
  0.20000000298023224        0.0000000000000000        0.0000000000000000     
  0.40000000596046448        0.0000000000000000       -5.5883083303325115E-002
  0.60000000894069672       -1.1176616827209589E-002 -0.15202102149674299     
  0.80000001192092896       -4.1580821579616137E-002 -0.26957890951588276     
   1.0000000149011612       -9.5496604286200437E-002 -0.38846260712995440     
   1.2000000178813934      -0.17318912686990010      -0.48927707737637438     
   1.4000000208616257      -0.27104454380333431      -0.55513962192615696     
   1.6000000238418579      -0.38207246984301069      -0.57320714869864020     
   1.8000000268220901      -0.49671390129102916      -0.53580224827100997     
   2.0000000298023224      -0.60387435254204624      -0.44105696018001300     
   2.2000000327825546      -0.69208574589250105      -0.29303298995500326     
   2.4000000357627869      -0.75069234475680802      -0.10131966735952611     
   2.6000000387430191      -0.77095627853066939       0.11984720336230206     
   2.8000000417232513      -0.74698683750103645       0.35286451366235183     
   3.0000000447034836      -0.67641393371694791       0.57832687556753593     
   3.2000000476837158      -0.56074855687989233       0.77674350269129799     
   3.4000000506639481      -0.40539985402675671       0.93026201328172298     
   3.6000000536441803      -0.21934744859801528        1.0242549719831824     
   3.8000000566244125       -1.4496451148861111E-002   1.0486372896162182     
   4.0000000596046448       0.19523100989956518       0.99880540939617390     
   4.2000000625848770       0.39499209475547203       0.87612065172496312     
   4.4000000655651093       0.57021622771150771       0.68789661923354706     
   4.6000000685453415       0.70779555360830881       0.44689115651846922     
   4.8000000715255737       0.79717378624384205       0.17034375890673570     
   5.0000000745058060       0.83124253853285313      -0.12136369939372149     
   5.2000000774860382       0.80696979829241677      -0.40631444480365103     
   5.4000000804662704       0.72570690812077521      -0.66280222380704368     
   5.6000000834465027       0.59314646138406191      -0.87107313424224464     
   5.8000000864267349       0.41893183193961275       -1.0149224971873858     
   6.0000000894069672       0.21594732947743084       -1.0830169418971056     
   6.2000000923871994       -6.5606212963228994E-004  -1.0698338674019157     
   6.4000000953674316      -0.21462283879836880      -0.97614111022496819     
   6.6000000983476639      -0.40985106375248964      -0.80897652440761392     
   6.8000001013278961      -0.57164637104495031      -0.58112730992774442     
   7.0000001043081284      -0.68787183476239355      -0.31014909325229328     
   7.2000001072883606      -0.74990165433716849       -1.7001752786655999E-002
   7.4000001102685928      -0.75330200494516886       0.27559016847767387     
   7.6000001132488251      -0.69818397042831137       0.54492237999634385     
   7.8000001162290573      -0.58919949280504735       0.77009915602784096     
   8.0000001192092896      -0.43517965930440483       0.93368259797596820     
   8.2000001221895218      -0.24844313692662021        1.0230712755736127     
   8.4000001251697540       -4.3828878762907669E-002   1.0314980708969193     
   8.6000001281499863       0.16247073849058000       0.95856726103899970     
   8.8000001311302185       0.35418419355513298       0.81028749562590840     
   9.0000001341104507       0.51624169509515960       0.59859743423575162     
   9.2000001370906830       0.63596118372626931       0.34042120732392916     
   9.4000001400709152       0.70404542620558941        5.6328329859770598E-002
   9.6000001430511475       0.71531109234541501      -0.23109575980806374     
   9.8000001460313797       0.66909193969508318      -0.49903926002927307     
   10.000000149011612       0.56928408620197568      -0.72627157102796691     
